中央氣象局  逐月逐日氣象資料

測站:臺南 467410 項目:平均相對濕度(%) 時間:2007 經度:120°12' 17〞E 緯度:22°59' 36〞N
D\M    1   2   3   4   5   6   7   8   9  10  11  12
 1    86  69  80  73  76  73                        
 2    84  54  79  72  73  74                        
 3    85  66  80  83  63  73                        
 4    85  72  74  87  59  74                        
 5    79  63  77  77  80  82                        
 6    76  61  75  78  77  87                        
 7    64  69  92  75  64  85                        
 8    70  74  82  69  63  83                        
 9    71  80  81  67  61  83                        
10    71  79  74  75  63  74                        
11    80  70  71  70  69  81                        
12    85  70  69  66  70  87                        
13    80  72  74  64  69  73                        
14    80  76  77  64  67  70                        
15    81  73  77  74  66  78                        
16    89  76  78  75  71  71                        
17    88  79  71  74  79  72                        
18    94  80  73  72  74  68                        
19    96  76  79  59  79  66                        
20    87  74  75  62  89  67                        
21    89  74  71  69  80  63                        
22    84  82  77  79  81                            
23    88  73  77  68  78                            
24    71  72  78  81  76                            
25    74  77  80  74  76                            
26    79  69  75  71  75                            
27    76  71  77  72  74                            
28    48  78  78  74  74                            
29    50      76  75  72                            
30    64      78  77  71                            
31    70      78      75                            
AVG 78.272.576.972.572.475.4                        
