中央氣象局  逐月逐日氣象資料

測站:臺南 467410 項目:平均氣溫(℃) 時間:2007 經度:120°12' 17〞E 緯度:22°59' 36〞N
D\M     1    2    3    4    5    6    7    8    9   10   11   12
 1   20.0 15.5 22.5 26.3 26.6 30.1                              
 2   21.2 14.3 23.5 25.0 26.7 30.0                              
 3   21.5 14.9 23.5 16.3 27.4 30.3                              
 4   19.8 16.5 25.5 15.6 27.6 29.1                              
 5   18.8 19.6 22.4 20.1 26.7 27.5                              
 6   17.2 21.5 15.7 21.0 25.9 26.6                              
 7   15.3 21.5 14.5 21.0 27.3 26.2                              
 8   14.7 22.7 18.1 20.1 27.1 26.5                              
 9   15.8 22.5 20.4 22.0 27.0 26.1                              
10   18.7 20.8 21.5 22.0 27.5 27.9                              
11   19.4 19.3 20.9 22.0 27.2 27.5                              
12   19.5 21.3 21.0 24.1 27.6 26.1                              
13   19.1 23.4 22.4 25.2 27.8 29.0                              
14   19.0 23.3 23.7 26.1 28.2 30.1                              
15   20.7 20.4 25.2 25.9 28.9 28.2                              
16   20.6 23.4 24.0 26.3 28.9 29.2                              
17   20.8 24.9 21.6 26.9 28.0 29.6                              
18   17.7 24.2 19.3 21.5 28.7 30.4                              
19   17.5 22.3 18.9 22.4 27.3 30.8                              
20   18.7 22.3 17.5 24.9 23.8 30.3                              
21   19.3 21.7 20.2 27.1 26.1 30.9                              
22   19.4 21.3 21.9 27.6 27.3                                   
23   17.9 22.1 23.2 28.6 28.5                                   
24   16.0 22.6 24.1 27.2 29.5                                   
25   16.7 20.1 25.0 24.7 29.9                                   
26   17.4 19.2 26.1 25.3 30.0                                   
27   15.0 20.7 26.5 26.7 30.3                                   
28   15.0 21.8 25.2 26.5 29.9                                   
29   13.9      26.3 26.0 29.7                                   
30   15.7      26.3 27.7 29.8                                   
31   16.4      26.5      29.4                                   
AVG  18.0 20.9 22.4 24.1 28.0 28.7                              
