中央氣象局  逐月逐日氣象資料

測站:臺南 467410 項目:平均相對濕度(%) 時間:2006 經度:120°12' 17〞E 緯度:22°59' 36〞N
D\M    1   2   3   4   5   6   7   8   9  10  11  12
 1    83  79  82  71  81  86  80  83  85  83  86  79
 2    80  77  69  81  87  93  81  76  82  81  78  78
 3    76  84  70  79  88  96  80  84  84  80  81  77
 4    78  74  71  82  89  84  80  86  85  71  82  77
 5    75  78  73  83  83  84  81  83  89  66  82  78
 6    73  74  70  81  80  88  80  82  91  67  77  81
 7    67  74  79  72  78  90  83  85  92  69  69  86
 8    75  66  83  75  78  92  93  87  88  73  73  87
 9    73  71  77  74  75  98  93  91  88  73  79  83
10    77  78  65  88  74 100  86  92  91  72  82  79
11    89  74  69  86  77  98  83  84  94  76  74  82
12    82  71  67  80  78  95  88  85  87  79  59  87
13    86  72  75  89  80  89  95  82  85  79  71  90
14    78  71  76  87  72  82 100  78  87  77  68  90
15    78  75  73  91  76  83  98  79  87  78  82  85
16    85  83  75  91  85  81  98  82  81  77  85  84
17    87  75  75  79  82  80  90  87  77  76  85  55
18    89  79  77  79  84  80  87  93  63  75  82  67
19    89  82  74  75  73  80  82  89  69  73  84  72
20    85  80  73  78  75  75  84  84  74  76  87  82
21    82  85  78  76  76  74  82  82  78  79  78  74
22    90  77  79  78  82  76  82  83  80  79  76  65
23    79  77  87  82  85  79  81  84  79  79  78  69
24    75  79  90  88  80  83  84  82  80  76  80  75
25    80  83  83  80  80  83  98  84  79  74  80  78
26    77  74  89  80  76  77  97  84  78  75  84  79
27    77  76  89  80  80  76  87  84  73  74  86  75
28    82  81  65  94  83  73  78  79  77  77  81  73
29    85      67  89  97  76  82  83  79  77  80  69
30    88      61  85  96  77  86  83  80  76  81  75
31    89      68      89      80  85      84      82
AVG 80.976.875.181.881.384.386.484.082.175.879.077.8
中央氣象局  逐月逐日氣象資料

測站:臺南 467410 項目:平均相對濕度(%) 時間:2006 經度:120°12' 17〞E 緯度:22°59' 36〞N
D\M    1   2   3   4   5   6   7   8   9  10  11  12
 1    83  79  82  71  81  86  80  83  85  83  86  79
 2    80  77  69  81  87  93  81  76  82  81  78  78
 3    76  84  70  79  88  96  80  84  84  80  81  77
 4    78  74  71  82  89  84  80  86  85  71  82  77
 5    75  78  73  83  83  84  81  83  89  66  82  78
 6    73  74  70  81  80  88  80  82  91  67  77  81
 7    67  74  79  72  78  90  83  85  92  69  69  86
 8    75  66  83  75  78  92  93  87  88  73  73  87
 9    73  71  77  74  75  98  93  91  88  73  79  83
10    77  78  65  88  74 100  86  92  91  72  82  79
11    89  74  69  86  77  98  83  84  94  76  74  82
12    82  71  67  80  78  95  88  85  87  79  59  87
13    86  72  75  89  80  89  95  82  85  79  71  90
14    78  71  76  87  72  82 100  78  87  77  68  90
15    78  75  73  91  76  83  98  79  87  78  82  85
16    85  83  75  91  85  81  98  82  81  77  85  84
17    87  75  75  79  82  80  90  87  77  76  85  55
18    89  79  77  79  84  80  87  93  63  75  82  67
19    89  82  74  75  73  80  82  89  69  73  84  72
20    85  80  73  78  75  75  84  84  74  76  87  82
21    82  85  78  76  76  74  82  82  78  79  78  74
22    90  77  79  78  82  76  82  83  80  79  76  65
23    79  77  87  82  85  79  81  84  79  79  78  69
24    75  79  90  88  80  83  84  82  80  76  80  75
25    80  83  83  80  80  83  98  84  79  74  80  78
26    77  74  89  80  76  77  97  84  78  75  84  79
27    77  76  89  80  80  76  87  84  73  74  86  75
28    82  81  65  94  83  73  78  79  77  77  81  73
29    85      67  89  97  76  82  83  79  77  80  69
30    88      61  85  96  77  86  83  80  76  81  75
31    89      68      89      80  85      84      82
AVG 80.976.875.181.881.384.386.484.082.175.879.077.8
