1002
1007
10255
10258
10515
1075
10764
1097
1109
1118
1119
1121
11275
1139
1142
1151
1152
117
11768
119
1194
1217
1219
1236
1263
1329
1331
1353
1380
1402
1445
145
1474
1480
1483
1552
1560
1566
1585
1589
1616
1625
165
167
1725
1727
1740
1839
1898
1900
1916
1921
1967
2
2025
2027
2030
207
209
2096
2105
2163
2187
2188
22
2206
2222
2246
2261
2263
2266
2267
2283
2327
2333
2347
2350
2362
2418
2427
2431
2433
2439
2440
2442
2447
2475
2510
2512
2564
2566
2584
2585
263
264
2645
266
2672
2675
2677
2720
2735
2738
274
278
2781
2828
2838
2865
2879
289
2895
294
2963
2989
3001
3017
305
3070
3076
3079
3081
3093
310
3126
3155
3193
3205
3214
3236
3261
3331
3352
3390
3431
3434
3446
3468
3502
3541
356
3632
3655
3763
3778
3800
381
3828
383
384
3841
385
386
387
3885
3890
3891
3909
3949
3970
4001
4028
4122
4167
4216
4225
4266
4330
4401
4406
4409
444
4455
4458
4484
4487
4499
4562
4589
4615
4616
4620
4625
4639
465
469
4726
4768
4800
4806
4822
4840
4844
4882
490
4909
4910
5048
5051
5080
5121
5135
5139
5158
5161
5191
5215
5264
5292
5306
5346
5384
5386
5401
5421
5454
5459
5461
5467
5487
5520
5572
5660
57
5717
5793
5827
5835
5847
5860
5875
590
5913
593
5931
5941
595
596
601
6113
612
6154
6182
6294
630
6391
6392
655
656
6574
658
6585
6587
6644
67
675
6756
676
682
685
687
688
6944
70
7043
7098
7116
7117
7153
7154
7193
7217
728
729
7296
733
735
7387
7395
749
7567
7596
7597
760
761
776
7803
7977
8116
817
8270
8473
8490
8503
8507
857
8589
859
8590
869
8735
8860
8889
89
912
9133
9243
928
934
9341
9344
9391
9392
955
957
9625
9692
98
9803
982
99
9924
