菏代ら戳	PSI	夹γV	女皤~借单	SO2	NO2	O3	CO	PM10	NO	NitroOxy	NHHC	HydraCarbon	HydraCarbon2	Temp	PH
2005/1/1	68	aBL采	炊q	10.1	14.2	23.2	0.41	85	7.7	21.9	0.19	1.77	1.96	10.7	
2005/1/2	73	aBL采	炊q	12.2	27	16.5	0.63	96	12.3	39.3	0.31	1.89	2.19	13.6	
2005/1/3	80	aBL采	炊q	14.1	31.7	12.1	0.75	110	17	48.7	0.42	1.94	2.36	16.7	
2005/1/4	64	aBL采	炊q	10	23.8	17.6	0.61	77	8.2	32	0.32	1.84	2.16	18.4	
2005/1/5	70	aBL采	炊q	10.6	24.4	18	0.64	90	8.9	33.4	0.36	1.88	2.23	18.1	
2005/1/6	62	aBL采	炊q	9.1	18.9	17.7	0.18	75	8	27	0.29	1.85	2.14	18.6	
2005/1/7	64	aBL采	炊q	10.5	22.1	19.8	0.53	77	7.9	30.1	0.32	1.87	2.19	18.9	
2005/1/8	58	aBL采	炊q	9	16.3	18.5	0.44	67	6.6	22.9	0.22	1.83	2.04	18.3	
2005/1/9	56	aBL采	炊q	9.1	16.3	13.7	0.46	63	6.1	22.5	0.21	1.85	2.06	16.8	
2005/1/10	53	aBL采	炊q	9.4	18.7	11.7	0.48	56	8.6	27.3	0.26	1.82	2.08	16.7	
2005/1/11	54	aBL采	炊q	10.9	22.1	13.6	0.5	59	12.7	34.8	0.32	1.88	2.19	18	
2005/1/12	56	aBL采	炊q	8.9	11.8	17.9	0.44	62	7.3	19	0.2	1.82	2.02	17.7	
2005/1/13	37	aBL采	}n	8.2	14.6	10.1	0.48	37	9.4	24	0.24	1.84	2.07	15.8	
2005/1/14	46	aBL采	}n	8.8	11.5	14.7	0.47	46	7.1	18.6	0.19	1.8	1.99	14	
2005/1/15	77	aBL采	炊q	13.3	14.9	24.8	0.57	104	8.6	23.5	0.22	1.83	2.04	12.5	
2005/1/16	86	aBL采	炊q	14.3	17.4	29.2	0.59	123	9.1	26.4	0.21	1.85	2.06	12.3	
2005/1/17	82	aBL采	炊q	14	31.7	21.7	0.77	113	13.9	45.7	0.41	1.88	2.29	13	
2005/1/18	92	aBL采	炊q	16	37.3	20.3	0.96	135	20.3	57.5	0.6	1.96	2.55	16.2	
2005/1/19	81	aBL采	炊q	13.3	31.8	21.2	0.72	112	20.6	52.4	0.47	1.98	2.44	16.9	
2005/1/20	64	aBL采	炊q	10.9	21.5	21.1	0.65	78	7.4	28.9	0.23	1.97	2.2	16.5	
2005/1/21	58	aBL采	炊q	11.1	21.6	21.6	0.53	67	8.3	29.9	0.23	1.98	2.21	16.5	
2005/1/22	82	aBL采	炊q	10.6	23.8	26.4	0.62	114	9.1	33	0.33	1.93	2.26	17.9	
2005/1/23	74	aBL采	炊q	10.5	22.2	29.5	0.79	98	5.9	28.2	0.35	1.98	2.33	19.3	
2005/1/24	72	aBL采	炊q	12	27.6	28.1	0.92	95	8.9	36.5	0.46	1.97	2.43	20.1	
2005/1/25	58	aBL采	炊q	11.3	24.7	21.6	0.83	66	11.7	36.4	0.51	1.92	2.43	21.8	
2005/1/26	64	aBL采	炊q	10.6	23.2	20	0.66	79	11.6	34.7	0.38	1.98	2.36	20	
2005/1/27	80	aBL采	炊q	9.9	23.5	23.1	0.69	110	9.4	32.9	0.38	1.91	2.29	20.1	
2005/1/28	86	aBL采	炊q	10.2	26.3	9.7	0.7	123	17.7	44	0.46	1.93	2.38	18.5	
2005/1/29	66	aBL采	炊q	8.8	22.3	8.8	0.54	82	10.4	32.7	0.31	1.81	2.12	19.4	
2005/1/30	70	aBL采	炊q	8.6	17.1	9.7	0.55	89	7.9	25	0.25	1.79	2.04	17.7	
2005/1/31	65	aBL采	炊q	10.4	20.8	6	0.38	80	12.5	33.3	0.3	1.85	2.15	14.8	
2005/2/1	76	aBL采	炊q	12	23.8	13.6	0.61	101	6.2	30	0.31	1.83	2.13	14.3	
2005/2/2	90	aBL采	炊q	15.6	33.5	13.6	0.79	131	17.6	51.2	0.47	1.92	2.38	15.4	
2005/2/3	77	aBL采	炊q	14.4	31.6	17.5	0.72	104	18.9	50.4	0.49	1.89	2.37	16.7	
2005/2/4	84	aBL采	炊q	14	32	18.7	0.84	118	18.1	50.2	0.58	1.96	2.54	20	
2005/2/5	100	aBL采	炊q	13.8	34	18.2	0.9	151	23.5	57.5	0.59	2.03	2.62	19.8	
2005/2/6	96	aBL采	炊q	12.3	27.6	17.5	0.83	141	14.9	42.5	0.44	1.95	2.38	20.8	
2005/2/7	83	aBL采	炊q	12.2	27.9	21.5	0.95	116	17.5	45.4	0.53	2.13	2.67	23.1	
2005/2/8	74	aBL采	炊q	8.6	18.1	15.3	0.61	98	8.4	26.5	0.25	1.98	2.24	20.3	
2005/2/9	67	aBL采	炊q	7.4	13.3	12.4	0.56	84	8.9	22.2	0.17	1.89	2.07	18.8	
2005/2/10	76	aBL采	炊q	7.8	12.5	13.2	0.63	101	10.4	22.9	0.18	1.93	2.11	18.8	
2005/2/11	51	aBL采	炊q	7.8	10.6	12.4	0.44	52	3.7	14.3	0.13	1.82	1.95	17.3	
2005/2/12	52	aBL采	炊q	8.2	11	*	0.37	53	4.8	15.8	0.13	1.78	1.91	17.5	
2005/2/13	55	aBL采	炊q	7.9	12.2	*	0.41	60	6.5	18.7	0.16	1.83	1.99	17.8	
2005/2/14	64	aBL采	炊q	8.7	16.5	*	0.59	78	6.2	22.7	0.27	1.85	2.12	19.2	
2005/2/15	70	aBL采	炊q	11.9	21.3	13.4*	0.68	90	16.7	38	0.41	1.92	2.33	23.2	
2005/2/16	67	洚	炊q	13.3	19.5	25.2	0.79	61	21.3	40.8	0.54	1.96	2.49	25	
2005/2/17	76	aBL采	炊q	10.9	25	24.4	0.82	101	15.2	40.2	0.47	2	2.47	23.6	
2005/2/18	55	aBL采	炊q	9.4	24	10.1	0.69	60	14.1	38.1	0.36	1.94	2.31	19.6	
2005/2/19	41	aBL采	}n	7.9	13.2	21	0.55	41	5.9	19.1	0.2	1.81	2.02	12.9	
2005/2/20	48	aBL采	}n	7.3	16.9	16.8	0.47	48	7.2	24.2	0.19	1.8	1.99	9.1	
2005/2/21	52	aBL采	炊q	10	27	5.7	0.69	55	22.4	49.4	0.42	1.9	2.31	11.3	
2005/2/22	54	aBL采	炊q	10.2	26.6	13	0.64	57	16.9	43.5	0.41	1.87	2.28	15.6	
2005/2/23	82	aBL采	炊q	13.4	31.2	35.2	0.96	113	16.1	47.3	0.53	1.98	2.51	20	
2005/2/24	62	aBL采	炊q	11	17.9	28	0.66	73	5.9	23.9	0.3	1.85	2.15	23.3	
2005/2/25	64	aBL采	炊q	9.1	26.8	14.5	0.8	79	8.8	35.7	0.45	1.93	2.38	20.8	
2005/2/26	55	aBL采	炊q	8.2	18.7	17.7	0.61	60	5.3	24	0.24	1.86	2.1	17.3	
2005/2/27	47	aBL采	}n	8.7	15.8	22	0.44	47	5.5	21.2	0.17	1.83	2	16.7	
2005/2/28	34	aBL采	}n	7.2	13.2	19	0.35	34	6	19.1	0.17	1.8	1.96	14.4	
2005/3/1	57	aBL采	炊q	10.1	23.5	11.9	0.57	64	7.8	31.2	0.35	1.85	2.2	15.1	
2005/3/2	58	aBL采	炊q	8.3	23.1	13.2	0.6	67	9.4	32.4	0.39	1.83	2.22	16.4	
2005/3/3	35	洚	}n	7.3	11.8	33.2	0.4	32	6.3	18.1	0.17	1.76	1.93	13.4	
2005/3/4	70	aBL采	炊q	11.7	21.6	27	0.5	90	7.2	28.8	0.28	1.78	2.06	12.5	
2005/3/5	68	aBL采	炊q	8.9	13	38.3	0.38	85	5.1	18.1	0.18	1.76	1.95	11.8	
2005/3/6	66	aBL采	炊q	11	21.1	33.6	0.45	83	6.6	27.6	0.25	1.78	2.03	13	
2005/3/7	80	aBL采	炊q	11.2	31.9	31.7	0.74	110	8.7	40.6	0.45	1.87	2.32	15.6	
2005/3/8	82	aBL采	炊q	12.6	33.7	38	0.77	113	9.9	43.6	0.55	1.89	2.44	17.7	
2005/3/9	88	aBL采	炊q	13.7	36.8	31.7	0.82	127	11.9	48.8	0.57	2.08	2.65	21.3	
2005/3/10	62	aBL采	炊q	12.8	22.2	20.5	0.62	74	10.7	32.9	0.32	1.86	2.18	23.3	
2005/3/11	56	aBL采	炊q	10.1	18.4	18.4	0.64	61	13.6	31.9	0.39	1.89	2.27	23.5	
2005/3/12	50	aBL采	}n	10.9	17.1	15.4	0.49	50	8.2	25.4	0.22	1.86	2.08	15.5	
2005/3/13	56	aBL采	炊q	9.4	15.1	20.1	0.47	62	6.1	21.2	0.18	1.82	1.99	9.7	
2005/3/14	74	aBL采	炊q	11.6	25.3	26.7	0.7	97	9.9	35.3	0.35	1.88	2.23	13.8	
2005/3/15	100	aBL采	炊q	14.6	33.5	34.1	0.88	150	8.8	42.3	0.51	1.96	2.46	19	
2005/3/16	102	aBL采	ぃ}	11.6	38.8	37.3	1.06	154	12.6	51.4	0.67	2.11	2.78	21.5	
2005/3/17	74	aBL采	炊q	11.9	23	31.7	0.76	97	14.6	37.6	0.47	2	2.47	22.8	
2005/3/18	118	aBL采	ぃ}	9.9	17.8	31.9	0.57	185	5.8	23.5	0.26	1.86	2.12	19.3	
2005/3/19	86	aBL采	炊q	11	23.2	33	0.25	122	4.8	28.1	0.31	1.9	2.2	18.6	
2005/3/20	78	aBL采	炊q	9.5	14.3	41.4	0.47	105	6.8	21.1	0.2	1.88	2.08	19.9	
2005/3/21	88	aBL采	炊q	10.6	22.3	31.8	0.58	127	5.6	27.9	0.33	1.91	2.23	21	
2005/3/22	68	洚	炊q	13.3	18.5	19.6	0.58	86	8.3	26.8	0.43	1.81	2.25	24.8	
2005/3/23	64	aBL采	炊q	8.8	11.7	32.7	0.48	77	6.8	18.6	0.21	1.78	1.99	22.2	
2005/3/24	102	aBL采	ぃ}	13.2	23.7	41.4	0.68	153	5.8	29.6	0.3	1.87	2.17	18.8	
2005/3/25	86	aBL采	炊q	12.6	24.6	36	0.61	123	6.9	31.6	0.32	1.88	2.2	18.7	
2005/3/26	94	aBL采	炊q	14.7	35.7	32.3	0.75	138	7.6	43.3	0.43	1.95	2.38	20.7	
2005/3/27	76	aBL采	炊q	11.4	27.7	20.6	0.69	102	9.3	37	0.36	1.93	2.29	23.8	
2005/3/28	38	aBL采	}n	9.5	27.6	13	0.73	38	16.7	44.4	0.49	1.83	2.32	24.6	
2005/3/29	62	aBL采	炊q	9.5	34.3	28.1	0.53	75	6.1	40.4	0.25	1.83	2.08	23.3	
2005/3/30	56	aBL采	炊q	9.3	36.3	26.4	0.58	63	6.4	42.7	0.32	1.87	2.19	19.1	
2005/3/31	49	洚	}n	8.4	27.1	24.5	0.53	39	9.2	36.2	0.31	1.87	2.18	19.8	
2005/4/1	61	aBL采	炊q	9.2	27.6	24.7	0.53	72	5.4	33	0.29	1.88	2.17	21.3	
2005/4/2	59	aBL采	炊q	8.8	21.3	27.2	0.46	68	5.7	27	0.21	1.85	2.06	21.3	
2005/4/3	64	aBL采	炊q	12	23.9	40.8	0.49	79	5.3	29.2	0.18	1.86	2.04	22.1	
2005/4/4	106	aBL采	ぃ}	12.7	25.4	46.3	0.64	162	6.6	32	0.26	1.92	2.18	21.2	
2005/4/5	76	aBL采	炊q	11.9	24.6	39.3	0.56	103	6.7	31.2	0.27	1.91	2.18	21.7	
2005/4/6	76	aBL采	炊q	14.5	32.1	32.3	0.72	103	5.4	37.5	0.39	1.94	2.33	23.4	
2005/4/7	59	aBL采	炊q	9.7	16.1	27.7	0.47	68	5	21.1	0.22	1.82	2.04	25.3	
2005/4/8	54	aBL采	炊q	8.9	13.2	22.7	0.39	58	6.9	20.1	0.14	1.8	1.94	26	
2005/4/9	49	aBL采	}n	9.3	9.6	19.5	0.33	49	6.8	16.4	0.11	1.75	1.85	26.5	
2005/4/10	48	aBL采	}n	10.3	11.7	18.6	0.39	48	8.1	19.7	0.16	1.78	1.94	26.7	
2005/4/11	66	aBL采	炊q	10.5	17.5	29.5	0.56	81	5.3	22.9	0.23	1.87	2.1	25.6	
2005/4/12	78	aBL采	炊q	11.8	25	17.4	0.59	107	7.8	32.8	0.29	2.02	2.31	25.2	
2005/4/13	58	aBL采	炊q	9.8	26.6	15.1	0.85	66	7.4	34	0.25	1.97	2.22	19.1	
2005/4/14	78	aBL采	炊q	15.8	43.2	9.2	1.45	107	16.2	59.5	0.76	2.09	2.85	20.7	
2005/4/15	94	洚	炊q	16.9	28.1	51.2	1.02	119	10.9	39	0.38	2.02	2.4	24.5	
2005/4/16	91	洚	炊q	13	22	55.6	0.83	122	4.2	26.2	0.23	2.02	2.25	25.5	
2005/4/17	76	aBL采	炊q	11.1	15	53.4	0.63	101	3.3	18.3	0.12	1.98	2.1	25.8	
2005/4/18	81	aBL采	炊q	9.8	16.4	40.1	0.65	112	4.1	20.5	0.13	1.97	2.1	25.6	
2005/4/19	63	aBL采	炊q	11	15.4	35.5	0.61	76	5.2	20.6	0.18	1.97	2.16	26.4	
2005/4/20	51	aBL采	炊q	10.8	17	29.3	0.66	52	6.3	23.3	0.22	1.96	2.18	26.7	
2005/4/21	74	aBL采	炊q	11.5	22.6	32.5	0.79	98	7.5	30.1	0.3	2.09	2.38	26.9	
2005/4/22	64	aBL采	炊q	12.1	17.2	32	0.65	77	6.1	23.3	0.21	1.95	2.16	27.2	
2005/4/23	58	aBL采	炊q	10.6	12.2	16.8	0.41	65	8	20.1	0.12	1.84	1.96	27.6	
2005/4/24	60	aBL采	炊q	10.5	14.8	29.5	0.53	70	5.3	20.1	0.1	2	2.1	26	
2005/4/25	66	aBL采	炊q	10.1	15.1	36.6	0.55	82	5	20.1	0.17	1.95	2.13	26.1	
2005/4/26	63	洚	炊q	9.9	22.7	38.8	0.7	54	5.1	27.8	0.29	2.04	2.32	24.5	
2005/4/27	52	aBL采	炊q	8.7	17.8	40.3	0.52	53	2.7	20.6	0.25	2.01	2.26	25.1	
2005/4/28	47	洚	}n	10.2	15.3	24.9	0.5	47	7	22.3	0.17	1.97	2.13	26.1	
2005/4/29	44	aBL采	}n	8.8	13.3	17.3	0.43	44	7.5	20.8	0.17	1.96	2.13	27.1	
2005/4/30	34	aBL采	}n	8.9	11.2	16.4	0.38	34	7.9	19.1	0.15	1.86	2.01	28.1	
2005/5/1	30	aBL采	}n	8.2	11.2	16.6	0.36	30	7.1	18.4	0.14	1.92	2.05	28.2	
2005/5/2	34	aBL采	}n	7.7	7.9	15	0.3	34	4.6	12.5	0.09	1.85	1.94	27.8	
2005/5/3	40	aBL采	}n	7.7	7.2	17.9	0.36	40	4.5	11.7	0.12	1.83	1.94	27.9	
2005/5/4	42	aBL采	}n	7.8	7.3	24.7	0.3	42	5.9	13.2	0.09	1.79	1.87	28	
2005/5/5	53	aBL采	炊q	11.1	16	18.2	0.41	56	9.5	25.5	0.17	1.96	2.13	28.8	
2005/5/6	44	aBL采	}n	10.6	23.6	15.8	0.66	44	11.3	34.9	0.29	1.92	2.21	25.9	
2005/5/7	62	洚	炊q	9.9	15.1	36.2	0.46	27	4.8	19.9	0.14	1.9	2.03	27	
2005/5/8	38	洚	}n	9.5	15.5	29.7	0.5	35	4.7	20.2	0.13	1.95	2.07	26.7	
2005/5/9	43	洚	}n	7.2	11.1	30.1	0.37	21	6.1	17.2	0.11	1.85	1.96	27.1	
2005/5/10	26	aBL采	}n	8.8	25.2	13.5	0.65	26	12.6	37.8	0.34	2.01	2.35	23.7	
2005/5/11	46	洚	}n	9.9	16.5	29.8	0.41	25	3.3	19.8	0.25	1.83	2.08	26.2	
2005/5/12	29	aBL采	}n	11.7	15.7	15.6	0.44	29	7.1	22.8	0.21	1.86	2.07	27.4	
2005/5/13	19	aBL采	}n	8	10.9	13	0.38	19	8.3	19.2	0.14	1.8	1.94	27.7	
2005/5/14	30	aBL采	}n	9.9	11.8	15.5	0.39	30	10.3	22.1	0.18	1.9	2.08	28.8	
2005/5/15	26	洚	}n	8.2	10.1	18.1	0.34	24	7.3	17.4	0.1	1.81	1.91	29.4	
2005/5/16	25	洚	}n	7.4	7.6	17.6	0.3	25	4.7	12.3	0.14	1.76	1.9	29.6	
2005/5/17	28	洚	}n	9.1	10.7	16.8	0.31	24	6.6	17.3	0.14	1.81	1.94	29.3	
2005/5/18	23	aBL采	}n	7.3	8.7	16.3	0.28	23	5.1	13.8	0.1	1.71	1.82	29.5	
2005/5/19	56	洚	炊q	8.4	12.6	34.3	0.44	41	4.3	16.9	0.14	1.83	1.98	29.3	
2005/5/20	99	洚	炊q	11.8	15.6	53.7	0.67	86	5.8	21.4	0.21	1.91	2.12	28	
2005/5/21	79	洚	炊q	11.1	17.5	41.7	0.61	74	6.8	24.3	0.2	1.97	2.17	27.9	
2005/5/22	41	aBL采	}n	9.3	12.1	29.2	0.38	41	2.4	14.5	0.13	1.8	1.92	28.9	
2005/5/23	44	洚	}n	8	12.4	22.3	0.38	31	4.6	17	0.13	1.8	1.93	29.2	
2005/5/24	35	洚	}n	8.9	15.9	20.8	0.46	31	7.7	23.6	0.22	1.81	2.03	27.5	
2005/5/25	68	洚	炊q	9.8	18.8	37.5	0.53	42	6.9	25.7	0.22	1.93	2.14	27.4	
2005/5/26	75	洚	炊q	9.9	12.8	50.9	0.47	50	5.5	18.4	0.15	1.91	2.07	27.7	
2005/5/27	78	洚	炊q	10	14.2	40.7	0.44	46	3	17.1	0.15	1.86	2.02	28.3	
2005/5/28	64	洚	炊q	9.5	17.1	40	0.52	44	5.7	22.8	0.19	1.9	2.09	28	
2005/5/29	61	洚	炊q	9	16.7	36.3	0.44	51	4.2	20.9	0.13	1.91	2.04	28.3	
2005/5/30	74	洚	炊q	9.8	15	38.7	0.43	54	7.2	22.2	0.14	1.94	2.08	28.3	
2005/5/31	43	洚	}n	5.6	11	41.2	0.38	34	3	14	0.13	1.8	1.93	27.9	
2005/6/1	34	洚	}n	3.9	10.9	25.6	0.33	22	2.9	13.8	0.12	1.83	1.95	27.9	
2005/6/2	24	aBL采	}n	4.1	19.7	13.7	0.55	24	4.8	24.5	0.26*	1.83*	2.09*	26.4	
2005/6/3	17	洚	}n	4.1	21.2	9.2	0.66	15	8.8	30	0.33	1.83	2.16	25.6	
2005/6/4	63	洚	炊q	5.3	21.1	30.5	0.59	35	6.5	27.6	0.28	1.89	2.17	26.6	
2005/6/5	66	洚	炊q	4.1	16.8	49.8	0.61	59	3.2	20	0.19	1.92	2.1	26.6	
2005/6/6	117	洚	ぃ}	6	13.8	63.9	0.6	74	3	16.8	0.22	1.93	2.15	28.1	
2005/6/7	74	洚	炊q	5.2	15*	60.7	0.44	59	2.4*	17.4*	0.15	1.89	2.04	28	
2005/6/8	87	洚	炊q	5.5	13.9	57.6	0.48	65	2.6	16.5	0.19	1.93	2.12	28.1	
2005/6/9	94	洚	炊q	9.6	17.6	61.6	0.57	82	4.9	22.5	0.22	1.9	2.12	28.7	
2005/6/10	33	aBL采	}n	4.6	11.6	24	0.35	33	3	14.6	0.12	1.79	1.91	28.7	
2005/6/11	32	洚	}n	3.2	10.9	24.7	0.29	22	2.6	13.5	0.1	1.73	1.83	28	
2005/6/12	26	洚	}n	2.4	11.3*	23.3	0.25	20	1.4*	12.7*	0.05	1.73	1.78	26.6	
2005/6/13	29	洚	}n	1.7	10.8	24.7	0.33	18	3.8	14.6	0.11	1.74	1.84	25.8	
2005/6/14	27	洚	}n	0.5	7	23.1	0.24	13	5.8	12.8	0.1*	1.7*	1.8*	25.8	
2005/6/15	32	洚	}n	0.6	6.6	27.5	0.25	21	3.2	9.8	0.08	1.72	1.8	25.9	
2005/6/16	33	洚	}n	2.7	16.8	19.2	0.55	21	6.9	23.7	0.28	1.82	2.1	24.8	
2005/6/17	74	洚	炊q	2.5	18.3	25.9	0.67	30	5.3	23.6	0.36	1.82	2.18	26.9	
2005/6/18	27	aBL采	}n	5.1*	10.5	14	0.32	27	3.6	14.1	0.12	1.78	1.9	28.5	
2005/6/19	30	aBL采	}n	*	9.2	13.5	0.35	30	6	15.2	0.14	1.81	1.95	28.4	
2005/6/20	28	aBL采	}n	*	8.9	11.5	0.44	28	9.3	18.2	0.21	1.86	2.07	28.4	
2005/6/21	23	aBL采	}n	*	10.6	11	0.37	23	6.9	17.5	0.15	1.78	1.93	27.8	
2005/6/22	28	aBL采	}n	4.5*	12	11.6	0.38	28	7.3	19.4	0.16	1.83	1.99	28	
2005/6/23	23	洚	}n	4.5	10.9	12.1	0.34	23	8.6	19.5	0.13	1.76	1.89	28	
2005/6/24	23	aBL采	}n	4.3	13.4	8.5	0.57	23	16	29.4	0.3	1.83	2.13	26.4	
2005/6/25	40	洚	}n	5.9	11.7	16	0.41	22	12.9	24.5	0.19	1.79	1.98	27.1	
2005/6/26	26	洚	}n	7.9	9.8	18.6	0.23	21	5.3	15.1	0.14*	1.82*	1.96*	28.8	
2005/6/27	20	洚	}n	*	6.8	17.2	0.22	17	3.9	10.7	0.07	1.72	1.79	29.3	
2005/6/28	27	aBL采	}n	6.7*	17.1	9.7	0.61	27	13.5	30.6	0.39	1.86	2.25	25.6	
2005/6/29	37	洚	}n	7.1	17.8	12.1	0.55	33	10.7	28.5	0.29	1.85	2.14	27.1	
2005/6/30	39	aBL采	}n	4.8	12.8	10.5	0.42	39	5.7	18.5	0.21	1.83	2.04	29.1	
2005/7/1	67	洚	炊q	4.3	13.3	32.9	0.39	51	2.7	16	0.16	1.86	2.02	29.5	
2005/7/2	60	aBL采	炊q	5.4	11.8	26.6	0.33	70	2.9	14.7	0.11	1.8	1.91	30.1	
2005/7/3	55	洚	炊q	4	8.7	18	0.22	40	3.3	12	0.05	1.76	1.81	30	
2005/7/4	38	洚	}n	3.4	5.6	14.9	0.23	33	4.3	9.8	0.11	1.77	1.89	29.5	
2005/7/5	45	洚	}n	7.2	10.3	16.9	0.28	42	5.8	16.1	0.23	1.87	2.09	29.6	
2005/7/6	75	洚	炊q	7.2	12.5	21.7	0.34	45	3.6	16.2	0.23	1.84	2.07	30.2	
2005/7/7	27	aBL采	}n	5	9.4	17.8	0.26	27	4.6	14	0.2	1.8	2	29.6	
2005/7/8	28	aBL采	}n	7.1	10.8	16.9	0.27	28	7.9	18.7	0.2	1.78	1.98	29.6	
2005/7/9	29	aBL采	}n	6.3	10.8	16.4	0.28	29	4.3	15.1	0.16	1.87	2.04	29.8	
2005/7/10	37	aBL采	}n	4.4	8.2	13.4	0.25	37	6.4	14.7	0.11	1.86	1.96	29.7	
2005/7/11	31	aBL采	}n	5.8	8.2	9.1	0.24	31	9.2	17.4	0.13	1.78	1.91	30.2	
2005/7/12	31	aBL采	}n	5.8	5.9	13	0.19	31	7.9	13.8	0.15	1.76	1.91	30.1	
2005/7/13	29	aBL采	}n	4.1	6.3	13.3	0.24	29	4.4	10.7	0.17	1.75	1.92	30.1	
2005/7/14	35	aBL采	}n	5.6	10.5	12.1	0.32	35	5.4	15.9	0.22	1.74	1.96	29.6	
2005/7/15	45	洚	}n	6.2	10.7	22.3	0.35	34	5.1	15.8	0.23	1.74	1.97	30.2	
2005/7/16	54	洚	炊q	6.1	11.9	28.8	0.32	52	4.5	16.5	0.22	1.76	1.98	30.6	
2005/7/17	56	aBL采	炊q	6.1	11.3	22.5	0.33	62	5	16.3	0.18	1.78	1.97	28.8	
2005/7/18	41	aBL采	}n	1.8	1.4	23.6	0.08	41	2.5	3.9	0.05	1.66	1.71	25.9	
2005/7/19	52	aBL采	炊q	2.2	5	32.7	0.22	54	4	9	0.14	1.68	1.82	26.4	
2005/7/20	37	洚	}n	2.8	12.9	31.9	0.35	22	5.5	18.4	0.22	1.76	1.98	24.8	
2005/7/21	43	洚	}n	5.1	19.1	31.5	0.64	31	4.7	23.8	0.42	1.84	2.26	25.3	
2005/7/22	41	aBL采	}n	6	17.4	19.1	0.64	41	5	22.4	0.47	1.81	2.27	28.2	
2005/7/23	83	洚	炊q	6.5	15.4	39.1	0.54	46	5	20.4	0.37	1.84	2.21	28.7	
2005/7/24	61	洚	炊q	5.3	9.6	42.2	0.4	55	2	11.6	0.28	1.76	2.04	28.5	
2005/7/25	115	洚	ぃ}	5.3	11.6	55	0.39	55	3.4	15	0.28	1.76	2.04	28.4	
2005/7/26	56	洚	炊q	5.3	7.5	38.5	0.31	52	4.9	12.4	0.23	1.74	1.97	28.6	
2005/7/27	54	洚	炊q	5.8	11.8	23.7	0.35	53	6.7	18.5	0.3	1.72	2.02	29.6	
2005/7/28	69	洚	炊q	6.2	17.2	31.4	0.53	70	6	23.2	0.37	1.82	2.18	29.5	
2005/7/29	106	洚	ぃ}	9.5	25.9	35.1	0.8	83	4.3	30.2	0.49	1.88	2.37	28.5	
2005/7/30	47	aBL采	}n	7.6	13.2	14.4	0.37	47	5.1	18.3	0.24	1.7	1.94	29.6	
2005/7/31	76	洚	炊q	7.3	15.8	24.6	0.49	60	5.3	21.1	0.29	1.75	2.04	29.6	
2005/8/1	48	洚	}n	4.5	9	22.5	0.35	46	3.8	12.8	0.21	1.67	1.87	29.8	
2005/8/2	54	aBL采	炊q	7.1	9.2	14.6	0.3	58	6.8	16.1	0.24	1.72	1.96	29.9	
2005/8/3	54	aBL采	炊q	5	7.2	28.5	0.27	59	2.3	9.5	0.17	1.64	1.81	30	
2005/8/4	42	aBL采	}n	2.4	5.2	17.8	0.24	42	4.6	9.8	0.18	1.6	1.77	29.5	
2005/8/5	58	aBL采	炊q	3.9	5.7	39	0.26	65	4.5	10.2	0.15	1.61	1.76	29.2	
2005/8/6	51	aBL采	炊q	2.2	4.4	29.8	0.22	52	6.7	11.1	0.12	1.56	1.68	30	
2005/8/7	34	aBL采	}n	3.4	6.6	17.9	0.26	34	5	11.6	0.15	1.6	1.75	29.4	
2005/8/8	44	洚	}n	6.9	12.5	20.2	0.36	37	4.9	17.4	0.23	1.6	1.83	29.4	
2005/8/9	76	洚	炊q	4.8	14.4	29.9	0.44	54	4.6	18.9	0.44	1.73	2.17	30.3	
2005/8/10	69	洚	炊q	5.4	15.1	29.2	0.42	53	3.9	18.9	0.3	1.68	1.98	29.8	
2005/8/11	60	aBL采	炊q	6.4	12.8	34.1	0.42	69	2.8	15.7	0.29	1.62	1.91	30.2	
2005/8/12	61	洚	炊q	8	19.3	19.4	0.53	64	6.7	25.9	0.39	1.65	2.04	28.2	
2005/8/13	33	aBL采	}n	4.1	8.8*	16.6	0.21	33	1.6*	10.4*	0.17	1.5	1.67	27.1	
2005/8/14	34	aBL采	}n	6.1	17.1*	11.1	0.4	34	5.1*	22.1*	0.25	1.58	1.83	26.6	
2005/8/15	34	aBL采	}n	6.5	15	11.9	0.46	34	7.8	22.8	0.29	1.59	1.88	26.9	
2005/8/16	50	洚	}n	6.5	16.7	24.2	0.54	40	6.4	23.2	0.27	1.72	1.99	26.9	
2005/8/17	54	洚	炊q	3.9	11.7	18	0.42	38	2	13.8	0.22	1.7	1.92	26.9	
2005/8/18	29	aBL采	}n	3.9	11.6	6.3	0.42	29	3.6	15.2	0.23	1.56	1.79	25.2	
2005/8/19	39	aBL采	}n	4.6	12.2	9.6	0.47	39	4.8	16.9	0.29	1.65	1.94	26.1	
2005/8/20	34	aBL采	}n	3.4	10.4	8.3	0.42	34	5.8	16.3	0.23	1.64	1.86	26.1	
2005/8/21	31	aBL采	}n	2.9	9.5	9.6	0.42	31	5.5	15	0.21	1.63	1.84	26.5	
2005/8/22	37	aBL采	}n	3.9	7.7	16.2	0.32	37	2.5	10.2	0.18	1.62	1.8	28.2	
2005/8/23	34	aBL采	}n	2.4	5.7	18.5	0.27	34	1.3	6.9	0.15	1.6	1.75	28.7	
2005/8/24	46	aBL采	}n	3.5	9.5	25.7	0.36	46	2	11.5	0.24	1.67	1.9	28.4	
2005/8/25	60	洚	炊q	5.9	18.4	37.6	0.61	59	2.3	20.7	0.35	1.73	2.08	28.3	
2005/8/26	87	洚	炊q	8.5	20.6	35.7	0.7	61	5.2	25.8	0.41	1.83	2.23	28.6	
2005/8/27	82	洚	炊q	5.3	15.1	38.8	0.5	59	2.1	17.2	0.27	1.81	2.08	29.3	
2005/8/28	65	aBL采	炊q	6	15.3	35	0.51	80	0.7	16	0.28	1.88	2.16	29.6	
2005/8/29	61	aBL采	炊q	5.8	10.1	34	0.39	72	2.1	12.3	0.23	1.68	1.91	29.9	
2005/8/30	55	aBL采	炊q	3.5	9.9	33.2	0.34	60	2.5	12.3	0.23	1.64	1.87	29.5	
2005/8/31	54	aBL采	炊q	2.7	4.8	26.2	0.21	58	2.9	7.7	0.14	1.53	1.67	28.7	
2005/9/1	31	洚	}n	2.4	3.9	26.7	0.19	*	2	5.8	0.09	1.57	1.66	27	
2005/9/2	24	洚	}n	5.7	12.9	18.2	0.42	*	3.8	16.7	0.24	1.53	1.76	29.1	
2005/9/3	37	洚	}n	4	11.6	23.6	0.36	*	2.2	13.8	0.22	1.57	1.79	29.1	
2005/9/4	61	洚	炊q	6.1	9.1	34.6	0.33	*	3.3	12.3	0.19	1.6	1.79	28.7	
2005/9/5	59	洚	炊q	5.5	16.3	35.1	0.55	114*	2.9	19.2	0.31	1.75	2.06	29.3	
2005/9/6	76	洚	炊q	4.3	10.6	48.8	0.4	76	1	11.6	0.19	1.59	1.78	29.1	
2005/9/7	113	洚	ぃ}	9.6	18.1	68.9	0.61	94	2.5	20.7	0.31	1.74	2.04	29.2	
2005/9/8	115	洚	ぃ}	9.1	13.2	84.5	0.56	109	3.4	16.6	0.24	1.76	2	28.7	
2005/9/9	97	洚	炊q	5.1	10	77.9	0.52	91	2.2	12.3	0.19	1.72	1.91	29	
2005/9/10	76	洚	炊q	5.4	14.7	38.9	0.48	91	2.4	17.1	0.23	1.75	1.98	28.4	
2005/9/11	71	洚	炊q	5.7	8.6	45.7	0.4	85	2.4	11	0.14	1.71	1.85	28.2	
2005/9/12	66	aBL采	炊q	5.8	13.5	31.8	0.54	81	3.8	17.3	0.27	1.75	2.02	29.8	
2005/9/13	62	aBL采	炊q	7.4	17.3	28.2	0.51	74	6.1	23.4	0.32	1.81	2.13	30.2	
2005/9/14	63	洚	炊q	2.8	8.2	33.4	0.33	52	4.3	12.4	0.18	1.66	1.84	29.9	
2005/9/15	50	aBL采	}n	3.3	10	27.3	0.33	50	3.6	13.6	0.22	1.73	1.94	29.7	
2005/9/16	46	aBL采	}n	2.8	8.8	34.7	0.34	46	2.3	11.1	0.21	1.7	1.9	29.8	
2005/9/17	98	洚	炊q	4.6	12.7	54.9	0.44	70	3.2	16	0.24	1.75	1.99	29.1	
2005/9/18	62	洚	炊q	3.1	9	48.3	0.35	66	1.7	10.6	0.17	1.72	1.9	29.8	
2005/9/19	60	aBL采	炊q	2.9	10.7	40.4	0.4	69	2.5	13.2	0.21	1.73	1.94	29.3	
2005/9/20	59	洚	炊q	3.9	10.4	40.8	0.34	62	2.8	13.1	0.21	1.72	1.93	29.2	
2005/9/21	82	洚	炊q	6.7	15.3	48.8	0.5	81	2.5	17.8	0.3	1.81	2.11	29.6	
2005/9/22	74	aBL采	炊q	7.1	31.5	12	0.89	97	9.2	40.6	0.65	1.95	2.6	26.9	
2005/9/23	58	aBL采	炊q	6.7	21.2	18.9	0.58	65	2.6	23.9	0.39	1.8	2.2	27.5	
2005/9/24	86	洚	炊q	4.2	16.1	34.4	0.47	65	3	19.1	0.28	1.81	2.09	28.3	
2005/9/25	47	洚	}n	3.6	14.7	26.2	0.45	47	3.4	18.1	0.27	1.78	2.05	28.1	
2005/9/26	57	洚	炊q	4	15.4	30.9	0.54	46	3.2	18.6	0.31	1.72	2.03	28	
2005/9/27	73	洚	炊q	5.1	16.5	39.4	0.45	68	2.3	18.9	0.27	1.7	1.97	28.4	
2005/9/28	105	洚	ぃ}	6.8	19.5	45.5	0.49	95	3.7	23.2	0.34	1.77	2.1	28.5	
2005/9/29	73	洚	炊q	6.1	14.6	48.3	0.46	86	2.8	17.4	0.27	1.75	2.02	28.9	
2005/9/30	111	洚	ぃ}	5.8	15.4*	50.9	0.5	92	1.2*	16.7*	0.28	1.77	2.05	28.8	
2005/10/1	79	洚	炊q	5.8	12.5	43.8	0.47	100	4.6	17.2	0.26	1.67	1.92	29.1	
2005/10/2	52	aBL采	炊q	0.8	4.6	21.1	0.18	53	2.3	7	0.08	1.51	1.59	26.1	
2005/10/3	51	aBL采	炊q	4.7	12.3	24.5	0.38	52	3	15.2	0.19	1.6	1.79	28.5	
2005/10/4	57	aBL采	炊q	5.5	18.1	28.4	0.54	64	3.4	21.4	0.32	1.69	2	28.9	
2005/10/5	94	洚	炊q	5.8	17.9	43.4	0.61	77	2.6	20.5	0.37	1.69	2.06	28.7	
2005/10/6	62	aBL采	炊q	3.8	13.3	34.3	0.45	74	1.8	15.1	0.26	1.6	1.86	28.9	
2005/10/7	63	洚	炊q	4.8	17.8	29.7	0.51	59	2.8	20.6	0.28	1.57	1.85	28.3	
2005/10/8	82	aBL采	炊q	4.7	19.4	35.8	0.68	113	3.9	23.3	0.32	1.88	2.2	27.9	
2005/10/9	78	aBL采	炊q	4.8	20.4	32.5	0.67	106	4.5	24.9	0.28	1.75	2.03	27.1	
2005/10/10	68	洚	炊q	4.2	17	36.1	0.51	73	3.1	20.1	0.22	1.74	1.96	27	
2005/10/11	73	洚	炊q	5.6	17.3	42.3	0.54	88	2.5	19.8	0.27	1.66	1.93	28.1	
2005/10/12	82	洚	炊q	5.7	21.9	35.9	0.55	93	5.9	27.8	0.34	1.76	2.1	27	
2005/10/13	102	洚	ぃ}	5.2	22.6	43.3	0.6	103	2.7	25.3	0.36	1.73	2.09	27.9	
2005/10/14	92	aBL采	炊q	4.7	20.9	38.1	0.51	135	4.2	25.1	0.33	1.63	1.97	27	
2005/10/15	92	aBL采	炊q	4.3	22.6	36	0.52	133	1.7	24.3	0.28	1.68	1.96	25.9	
2005/10/16	90	洚	炊q	5.7	19.5	49.9	0.58	127	1.1	20.5	0.22	1.72	1.94	25.1	
2005/10/17	101	aBL采	ぃ}	7.6	23.9	43.6	0.64	152	2.8	26.7	0.27	1.78	2.05	25.4	
2005/10/18	102	洚	ぃ}	6.9	23.6	46.7	0.61	145	3.5	27.2	0.32	1.71	2.03	25.5	
2005/10/19	95	洚	炊q	6.7	23.4	56.8	0.58	133	3.8	27.2	0.34	2.14	2.47	26.1	
2005/10/20	94	洚	炊q	4.9	23.2	45.6	0.57	115	4.6	27.8	0.37	1.95	2.32	25.8	
2005/10/21	127	洚	ぃ}	6.6	26.3	47.9	0.62	133	3.3	29.6	0.39	2	2.39	26.2	
2005/10/22	87	aBL采	炊q	4.8	23.9	38.7	0.51	124	3.4	27.3	0.3	1.92	2.22	24.7	
2005/10/23	60	aBL采	炊q	4.5	20.5	28.4	0.39	71	2.3	22.9	0.21	1.89	2.1	23.1	
2005/10/24	62	洚	炊q	5.6	21.9	33.1	0.46	65	4.4	26.4	0.27	1.91	2.19	23.4	
2005/10/25	83	洚	炊q	5	21.7	50.4	0.56	81	3	24.7	0.36	1.91	2.28	24.9	
2005/10/26	82	aBL采	炊q	4.7	26.5	27.1	0.56	114	4.1	30.5	0.4	2.02	2.42	25.3	
2005/10/27	100	洚	炊q	7.1	24.5	45.2	0.63	93	7.7	32.1	0.42	1.98	2.4	25.7	
2005/10/28	94	洚	炊q	4	17.2	48.5	0.5	97	1.8	19	0.28	1.88	2.17	26.2	
2005/10/29	80	aBL采	炊q	4.5	18.5	40.6	0.5	109	1.5	20	0.25	1.92	2.17	25.6	
2005/10/30	74	aBL采	炊q	2.2	17.3	29.9	0.53	98	1.4	18.7	0.21	1.89	2.1	22.3	
2005/10/31	81	aBL采	炊q	4.5	26.2	29.3	0.65	112	2.8	29	0.34	1.95	2.29	22	
2005/11/1	98	洚	炊q	6.8	30.3	40.7	0.76	127	5.3	35.6	0.47	1.94	2.41	24.1	
2005/11/2	80	aBL采	炊q	5.8	23.8	45.3	0.67	110	2.3	26.1	0.49	1.79	2.28	25.6	
2005/11/3	72	aBL采	炊q	5.1	21.6	41.2	0.57	94	1.2	22.9	0.36	1.89	2.25	25.5	
2005/11/4	75	洚	炊q	4.7	23.4	46.1	0.65	97	2.6	26	0.38	1.76	2.14	25.7	
2005/11/5	80	aBL采	炊q	3.6	21	44.1	0.64	110	2.7	23.7	0.36	1.79	2.15	25.8	
2005/11/6	60	洚	炊q	3.8	16.8	33.1	0.47	64	2.1	18.9	0.25	1.68	1.93	26.7	
2005/11/7	74	洚	炊q	5.2	19.3	40.8	0.6	93	3.1	22.4	0.28	1.73	2.01	27.1	
2005/11/8	107	aBL采	ぃ}	4.9	21.1	36.7	0.76	164	3.2	24.3	0.35	1.77	2.12	26.4	
2005/11/9	94	aBL采	炊q	5.6	19.3	37.8	0.71	138	2.7	22	0.33	1.69	2.02	26.9	
2005/11/10	83	洚	炊q	5.4	20.4	46.3	0.6	112	2.4	22.8	0.33	1.69	2.02	26.9	
2005/11/11	66	aBL采	炊q	6.1	22.4	27	0.57	83	4.9	27.3	0.35	1.72	2.07	26.9	
2005/11/12	80	aBL采	炊q	8.5	24.3	35.5	0.64	109	3.1	27.3	0.32	1.71	2.03	26.6	
2005/11/13	66	aBL采	炊q	13	22	25.2	0.5	81	4.5	26.5	0.2	1.7	1.9	26.8	
2005/11/14	75	aBL采	炊q	5	22.9	27.9	0.56	100	7.3	30.2	0.27	1.93	2.2	26.3	
2005/11/15	80	aBL采	炊q	3.9	22.3	28.9	0.46	109	4.1	26.4	0.23	1.82	2.05	24.4	
2005/11/16	76	aBL采	炊q	3.1	19.1	17	0.49	101	3.1	22.3	0.24	1.81	2.04	22.7	
2005/11/17	68	aBL采	炊q	5.1	24.2	20.7	0.52	85	5.7	29.9	0.22	1.76	1.98	22.4	
2005/11/18	69	aBL采	炊q	5.1	26.8	20.5	0.58	88	6.3	33	0.34	1.86	2.2	22	
2005/11/19	69	洚	炊q	3.8	25.1	33.7	0.51	81	5.1	30.2	0.29	1.89	2.18	21.2	
2005/11/20	82	aBL采	炊q	4	25	26.9	0.49	113	3.8	28.8	0.25	1.88	2.13	19.8	
2005/11/21	66	aBL采	炊q	2.6	24.2	26.9	0.54	82	4.1	28.3	0.32	1.88	2.2	18.9	
2005/11/22	60	aBL采	炊q	2.8	26.9	20.3	0.7	71	6.8	33.6	0.36	1.81	2.17	20.4	
2005/11/23	75	aBL采	炊q	4.6	25.8	29.5	0.71	100	12.3	38.1	0.42	1.86	2.28	22.1	
2005/11/24	78	aBL采	炊q	3.6	21.9	35.4	0.61	106	4.2	26.1	0.33	1.83	2.16	21.5	
2005/11/25	108	aBL采	ぃ}	6.5	30.3	41.7	0.89	165	7.4	37.7	0.45	2.06	2.51	21.8	
2005/11/26	124	aBL采	ぃ}	7.3	35.3	44	1.02	199	9.1	44.4	0.47	2.17	2.63	22.2	
2005/11/27	122	aBL采	ぃ}	8.2	33.5	38.6	1.01	195	7.8	41.4	0.55	1.98	2.53	22.8	
2005/11/28	89	aBL采	炊q	4.9	26.6	25.8	0.71	128	5.4	32	0.36	1.89	2.24	24.5	
2005/11/29	116	aBL采	ぃ}	6.2	26.6	31.3	0.74	181	7.7	34.3	0.49	1.71	2.21	22	
2005/11/30	115	aBL采	ぃ}	5.6	28.1	33	0.74	180	5.2	33.3	0.46	1.87	2.33	20.6	
2005/12/1	110	aBL采	ぃ}	8.4	32.9	37.2	0.91	170	13.6	46.4	0.48	2.07	2.55	22.8	
2005/12/2	98	aBL采	炊q	6.6	28	31.9	0.83	147	16.5	44.6	0.71*	2.02*	2.73*	22.4	
2005/12/3	76	aBL采	炊q	5.4	22	34.1	0.19	101	6.6	28.6	0.32	1.88	2.2	22.4	
2005/12/4	102	aBL采	ぃ}	5.4	15.8	32.9	0.45	155	2	17.8	0.17	1.83	2	19.8	
2005/12/5	98	aBL采	炊q	5	20.5	19.5	0.57	145	4.6	25.1	0.28	1.83	2.11	16.2	
2005/12/6	81	aBL采	炊q	5.4	23.6	15.2	0.63	112	10.2	33.9	0.32	1.86	2.18	14.5	
2005/12/7	78	aBL采	炊q	6.3	28.7	16.7	0.73	107	14.6	43.3	0.41	1.89	2.31	16.9	
2005/12/8	70	aBL采	炊q	5.5	27.1	18.9	0.69	91	9.6	36.8	0.37	1.87	2.24	18	
2005/12/9	70	aBL采	炊q	6.2	31.6	25.2	0.75	91	14.8	46.4	0.44	1.87	2.31	19.9	
2005/12/10	80	aBL采	炊q	4.9	27.5	25.3	0.72	109	8.9	36.4	0.39	1.84	2.24	20.8	
2005/12/11	78	aBL采	炊q	3.3	19.6	21.9	0.53	105	3.9	23.5	0.21	1.75	1.96	20.9	
2005/12/12	86	aBL采	炊q	5	20.1	22.1	0.61	123	3.8	23.8	0.26	1.75	2.01	16.7	
2005/12/13	78	aBL采	炊q	6.5	23.1	20.4	0.6	105	4.3	27.5	0.27	1.75	2.02	16.2	
2005/12/14	80	aBL采	炊q	7.7	24.1	15.7	0.68	109	3.5	27.6	0.28	1.77	2.06	14.8	
2005/12/15	101	aBL采	ぃ}	7.9	23.4	28.6	0.66	152	2.8	26.2	0.27	1.76	2.04	14.3	
2005/12/16	94	aBL采	炊q	7.2	32.1	29	0.79	137	6.3	38.4	0.38	1.82	2.2	15.3	
2005/12/17	110	aBL采	ぃ}	5.8	26.3	25.9	0.58	169	8.1	34.3	0.31	1.79	2.1	14.7	
2005/12/18	86	aBL采	炊q	6.4	25.4	30	0.63	123	7.1	32.5	0.28	1.79	2.06	14.4	
2005/12/19	89	aBL采	炊q	7.7	33.5	28.8	0.91	128	20.8	54.4	0.5	1.97	2.47	17	
2005/12/20	68	aBL采	炊q	4.5	23.6	22.7	0.52	86	9.1	32.6	0.33	1.78	2.12	18.6	
2005/12/21	107	aBL采	ぃ}	4.9	16.8	37.8	0.43	164	2.6	19.4	0.2	1.7	1.9	16.4	
2005/12/22	118	aBL采	ぃ}	11.7	21.3	39.8	0.64	187	3.2	24.5	0.26	1.76	2.01	12.7	
2005/12/23	92	aBL采	炊q	8.6	40.5	31.3	1.03	133	14	54.5	0.58	1.86	2.44	13.9	
2005/12/24	81	aBL采	炊q	6	32.8	41.6	0.83	112	4.5	37.3	0.41	1.83	2.23	16.6	
2005/12/25	104	aBL采	ぃ}	6.9	35	31.6	0.96	157	7	42.1	0.45	1.88	2.34	18.6	
2005/12/26	98	aBL采	炊q	5.9	27.8	27.1	0.73	147	6.1	33.8	0.33	1.83	2.17	18.4	
2005/12/27	90	aBL采	炊q	5.5	27.5	26.8	0.72	129	8	35.5	0.37	1.82	2.19	18.3	
2005/12/28	68	aBL采	炊q	5.4	29.1	11.4	0.72	87	13.4	42.6	0.44	1.87	2.31	17.7	
2005/12/29	51	aBL采	炊q	0.9	18.9	15	0.48	52	4.3	23.1	0.26	1.73	2	17.8	
2005/12/30	60	aBL采	炊q	0.7	21.2	13.7	0.57	69	5.3	26.6	0.3	1.79	2.09	18.8	
2005/12/31	59	aBL采	炊q	1.6	17.3	22.1	0.53	68	3.1	20.4	0.22	1.75	1.96	19.5	
