r120098930:1115812383,1116928282,1117113199,1117459951,1117855042,1117855224,1117953108,1119693418,1119868881,1119952468,1120552236,1120654568,1120732933,1126441430
s222087796:1119143855,1119274768,1119361063,1119444028,1119530999,1119620008,1119708752,1119793688,1119937056,1120009094,1120103762,1120200797,1120313388,1120389628,1120478774,1120574487,1120715488,1120836407,1120971223,1121141222,1121315811,1121613862,1121747846,1121871217,1122026135,1122082789,1122289806,1122559351,1122805533,1122891713,1123152714,1123252705,1123324516,1123416283,1123503676,1123589733,1123756918,1123857454,1124101993,1124278421,1124602648,1124865552,1125131192,1125398695,1133872676,1134048119,1134127098,1134220405,1134391497,1134477233,1134573267,1134653567,1134734931,1134995852,1135081505,1135608707,1135686341,1135780745,1135863276,1136031954
r221749269:1117881853,1117968239,1118140242,1118227900,1118310344,1118411523,1118579350,1118662509,1118745976,1118827344,1118915041,1119004969,1119091340,1119171906,1119260170,1119432035,1119523155,1119523285,1119608020,1119696694,1120038582,1120390061,1120916069,1120987111,1121076168,1121262730,1121594839,1121849268
r224071277:1123076150,1123162833,1123415206,1123508240,1123638558,1123675450
a122209955:1114997890,1117620535,1117626430,1117626828,1117626926,1117627466,1117627691,1117628007,1120490232,1120495219,1120613148,1120613176,1120657481,1120675083,1122307902
r123503787:1115829812,1116949539,1117128830,1117216050,1117479177,1117735495,1118079600,1118165586,1118250679,1118770921,1118943670,1119032420,1119462053,1119723170,1119982066,1122400715
e121672350:1117160304,1117291668,1117373163,1117551243,1117684890,1117770825,1117895067,1117974511,1118024373,1118110047,1118197514,1118284063,1118368984,1118578128,1118650577,1118888079,1119097114,1119324346,1119425774,1119491744,1119776097,1120036371,1120109637,1120191050,1120281704,1120444054,1120534615,1120634028,1120708852,1120802750,1121047835
r222563709:1115863700,1116248533,1116482460,1116565928,1116907405,1117164602,1117600180,1118315599,1118661304,1121328575,1121389703
r222151772:1118242068,1118326500,1118415262,1118501779,1118587656,1118670034,1118762387,1118843841,1118935367,1119018622,1119105905,1119192631,1119279111,1119368141,1119453070,1119537295,1119623941,1119711206,1119796326,1119881947,1119969761,1120056377,1120140737,1120227936,1120398338,1120490585,1120574991,1120575389,1120575660,1120659797,1120747108,1121179319,1121265533,1121354896,1121440561,1121525443,1121609713,1121782940,1121870607,1121957502,1122044646,1122130817,1122215115,1122300032,1122388519,1122474169,1122560476,1122646350,1122731807,1122819828,1122909702,1122992882,1123081104,1123167332,1123254548,1123339317,1123427424,1123509856,1123680375,1123769816,1123859216,1123943873,1124116919,1124200089,1124288372,1124376075,1124464074,1124549975,1124634738,1124722502,1124809431,1124894966,1124982390,1125069390,1125153179,1125242948,1125327158,1125499482,1125674112,1125761397,1125842781,1126104846,1126277606,1126364947,1126537734,1126623051,1126623106,1126623134,1126623198,1126623266,1126624247,1126710323,1127228183,1127404607,1127576398,1127660611,1127748312,1127920528,1128439272,1128525882,1128696585,1128784892,1128870287,1129042946,1129129421,1129215751,1129389772,1129648689,1130254058,1130685810,1130772108,1130859820,1130946735,1131118564,1131377160,1132499115,1132586718,1132843423,1132932331,1133018724,1133535437,1133622531,1134054779,1134312808,1134572140,1134653807,1134745179,1134916817,1135088144,1135350697
r221344255:1117112372
r221571930:1116430175,1116515632,1116602162,1116689944,1116767323,1116861148,1116946976,1117033812,1117159494,1117245806,1117332906,1117435009,1117512802,1117585495,1117671629,1117755707,1117854799,1117939453,1118025987,1118100508,1118190036,1118284353,1118375178,1118475081,1118572894,1118639090,1118735439,1118831062,1118909066,1118993262,1119065554,1119160325,1119238892,1119326047,1119402726,1119526648,1119581426,1119682428,1119781992,1119877151,1119963702,1120026421,1120118163,1120197748,1120197853,1120286470,1120397750,1120478508,1120568703,1120572309,1120656107,1120724505,1120811678,1120884659,1121008045,1121064984,1121162927,1121245095,1121332024,1121434786,1121493025,1121569448,1121773826,1121835546,1121948414,1122040652,1122106909,1122212422,1122296470,1122342116,1122471347,1122541762,1122607577,1122694091,1122808503,1122887851,1122946474,1123051964,1123146061,1123248936,1123302948,1123424044,1123507017,1123578869,1123651955,1123771840,1123824949,1123912667,1124114784,1124168175,1124287271,1124368754,1124428450,1124534881,1124638080,1124716219,1124803090,1124890293,1124977978,1125071161,1125151623,1125240312,1125321084,1125411066,1125480521,1125672010,1125761047,1125931396,1126014798,1126099342,1126193356,1126274776,1126362818,1126526961,1126615559,1126708189,1127227753,1127312315,1127380275,1127487322,1127573575,1127642124,1127746053,1127811613,1127919470,1128002790,1128092097,1128182306,1128246115,1128351170,1128417672,1128503807,1128589774,1128676052,1128744200,1128863173,1128956334,1129021427,1129129416,1129213544,1129300183,1129387234,1129456404,1129558053,1129646419,1129732151,1129819829,1129910068,1130250724,1130338357,1130423644,1130510282,1130597756,1130680263,1130769024,1130833773,1131010554,1131098991,1131191202,1131279438,1131356903,1131455712,1131541865,1131631215,1131792357,1131884012,1131975233,1132064080,1132149527,1132220517,1132323921,1132480571,1132561448,1132669981,1132753568,1132839689,1132929720,1133011560,1133098165,1133187191,1133271640,1133337910,1133430975,1133508908,1133602865,1133685582,1133768647,1133869889,1133965346,1134034834,1134138230,1134302659,1134397123,1134483754,1134553939,1134656529,1134743131,1134823511,1134907184,1135003726,1135258800,1135430654,1135520163,1135606746,1135678193,1135779780
d221357788:1114668075,1114668112,1114997347,1115102583,1115256815
r220386491:1121938870,1122011649,1122255294,1122370295,1122631510
q220503553:1121130345,1121130638,1121216474,1121216698,1121305838,1121305909,1121390435,1121390482,1121528949,1121528996,1121603585,1121603655,1121653345,1121653407,1121749949,1121750015,1121872958,1121873070,1121912379,1121912442,1121993749,1121993862,1122083657,1122083732,1122705663,1122705719,1123424409,1123424460,1123550118,1123550183,1123720857,1123720929,1124422408,1124422463,1124802404,1124802494,1125714749,1125714799,1125836683,1125836778,1126593677,1126593730,1127312777,1127398789,1127918760,1128498631,1128588773
r124352524:1119179680,1119280837,1119354660,1119442104,1119533661,1119620524,1119792124,1119870820,1119963629,1120051291,1120139545,1120358337,1120655916,1121179820,1121261638,1121527373,1121777544,1121947344,1122120688,1122419782,1122679149,1122993681,1123156308,1123325124,1123767308,1124512334,1125323542,1126699277
r222365730:1116320820,1116342860,1116427205,1116427408,1116517317,1116517404,1116860502,1116860662,1116948999,1116949171,1117034260,1117034328,1117121218,1117121285,1117205730,1117205819,1117376777,1117376867,1117461910,1117462030,1117552544,1117552726,1117634110,1117634255,1117813877,1117814005,1118073507,1118073573,1118156988,1118157061,1118237903,1118238042,1118326407,1118326520,1118504360,1118504445,1118584024,1118584119,1118762930,1118763011,1118841078,1118841170,1118841173,1118928568,1119018327,1119018409,1119189136,1119189214,1119365729,1119365817,1119535095,1119535183,1119711684,1119711842,1119795144,1119795225,1119882919,1119966520,1119966531,1119966567,1119966654,1120141748,1120141829,1120312778,1120312909,1120399813,1120663413,1120663431,1120663546,1120745691,1120745752,1120836129,1120836215,1121004524,1121004622,1121269341,1121269433,1121442471,1121442561,1121606174,1121606233,1122130256,1122473340,1122561722,1122561846,1122816313,1122816396,1122816400,1122905537,1122993307,1122993489,1123944722,1123945034,1124206377,1124206500,1124289730,1124289831,1124465798,1124465864,1124634383,1124634463,1125065905,1125065966,1125327102,1125327174,1125412588,1125503212,1125930185,1126189405
r220954766:1115301382,1115386553,1115474477,1115559965,1115647769,1115730507,1115818648,1115906379,1115996096,1116081888,1116164821,1116249855,1116335718,1116425171,1116509210,1116594578,1116683332,1116770269,1116853847,1116942334,1117026580,1117115398,1117203044,1117288630,1117372206,1117496342,1117544960,1117634409,1117715407,1117803811,1117889662,1117974781,1118065226,1118148701,1118235051,1118324394,1118410181,1118497798,1118583916,1118670110,1118758013,1118840066,1118928322,1119015534,1119103727,1119187711,1119274565,1119361824,1119449861,1119534825,1119620554,1119707507,1119793565,1119877512,1119964337,1120050480,1120138562,1120223691,1120309643,1120397249,1120485001,1120570615,1120658561,1120743201,1120832714,1120921057,1121004507,1121093656,1121175658,1121261024,1121349331,1121436789,1121521132,1121605663,1121781383,1121866747,1121953504,1122039490,1122126544,1122213788,1122298946,1122386733,1122472837,1122559412,1122646264,1122731617,1122817838,1122904536,1122991129,1123078654,1123163689,1123250044,1123333656,1123422286,1123508062,1123594374,1123682080,1123768576,1123854502,1123941700,1124113393,1124198089,1124285366,1124372194,1124459587,1124545425,1124632649,1124718394,1124803442,1124891336,1124976806,1125062701,1125150612,1125323732,1125410258,1125495463,1125668756,1125755196,1125844361,1125928871,1126015553,1126104267,1126187786,1126278399,1126363602,1126445665,1126532652,1126619190,1126619254,1126619684,1126621028,1126621367,1126621759,1126621767,1126621923,1126704591,1127223132,1127309433,1127398565,1127483876,1127570304,1127653295,1127742283,1127829015,1127917192,1127999833,1128088687,1128175252,1128261759,1128347192,1128436363,1128520199,1128607677,1128695532,1128867951,1128952139,1129037200,1129122897,1129299636,1129470799,1129556893,1129643759,1129729372,1129816236,1129904530,1130249572,1130333903,1130420841,1130507343,1130595331,1130680143,1130766733,1130849064,1130940463,1131025778,1131112649,1131371397,1131458357,1131542894,1131631156,1131719177,1131804796,1131888688,1131977189,1132065094,1132149497,1132235548,1132322996,1132493514,1132580170,1132668233,1132754030,1132840388,1132926494,1133015504,1133101089,1133188982,1133272133,1133359595,1133445227,1133532142,1133619016,1133703478,1133790332,1133877400,1133964651,1134050282,1134136774,1134224618,1134310364,1134395516,1134482243,1134568999,1134654457,1134741427,1134827034,1134913199,1135087759,1135174482,1135259402,1135345740,1135432394,1135519602,1135605852,1135691535,1135777718,1135866671,1135954832,1136040058
e120123830:1117420543,1117497054,1117584906,1117674479,1117757689,1117843289,1118018211,1118142172,1118228015,1118274806,1118361772,1118661533,1118747573,1118793744,1118880423,1118966826,1119088001,1119273672,1119350966,1119437827,1119523984,1119570534,1119750013,1119829663,1120132403,1120608620,1120869525,1121212749,1121299404,1121386329,1121471655,1121818218,1121904975,1121989842,1122550186,1123114959,1123632191,1123717583,1123803484,1123892089,1124235409,1124322543
h220581328:1121079297,1121079494,1121174937,1121267892,1121354897,1121441955,1121527514,1121616129,1121873019,1121960348,1122044761,1122132540,1122215631,1122304322,1122390321,1122480951,1122650913,1122732043,1122823526,1122908770,1122995136,1123082985,1123169380,1123255377,1123339226,1123427720,1123508991,1123601844,1123687799,1123772592,1123945108,1124110735,1124203064,1124291561,1124377698,1124551489,1124637646,1124723478,1124809876,1124898726,1124977796,1125070873,1125324294,1125412998,1125503518,1125674878,1125763190,1125847959,1126021501,1126107031,1126190868,1126275730,1126365468,1126537048,1126709689,1127224738,1127316521,1127573470,1127657431,1127921596,1128009003,1128096015,1128263038,1128524215,1128613645,1128699653,1128872995,1128956472,1129045395,1129357045,1129733381,1130253167,1130337301,1130504080,1130769616,1130941005,1131026047,1131110166,1131376556,1131460809,1131545625,1131628683,1131718791,1131889397,1131978050,1132059012,1132060289,1132146258,1132234095,1132318500,1132498948,1132581954,1132666209,1132753800,1132840137,1132925845,1133098937,1133186767,1133271671,1133354750,1133451860,1133703839,1133789337,1133880366,1133962609,1134134880,1134397504,1134481207,1134652215,1134741187,1135345926,1135437924,1135521969,1135873986,1135953544
d220468988:1117204494,1117323924,1117382274,1118111101,1118238558,1118332824,1118410183,1118499104,1118586716,1118662164,1118769986,1118845016,1119067956,1119142170,1119274609,1119334998,1119453192,1119492268,1119670309,1119757217,1119840365,1120124951,1120288624,1120350964,1120444538,1120529345,1120617419,1120703065,1120924256,1121008963,1121329433,1121348973,1121349027,1121522505,1121748048,1121748112,1121957754,1122055202,1122220858,1122342842,1122457256,1122563658,1123167257,1123519714,1123580983,1123771696,1123861995,1123942310,1124120935,1124205512,1124360652,1124378429,1124634029,1124697202,1124811144,1125047461,1125327351,1125475402,1125503063,1125650660,1125883061,1126175729,1126255696,1127296167,1127463306,1128043509,1128410458,1129194765,1129612921,1129770727,1129770766,1130304126,1130385560,1130468620,1131009274,1131517297,1132019105,1132559952,1133252092,1133403357,1135070055
d221290019:1115638029,1115730549,1115816167,1115898398,1115989760,1116077071,1116160245,1116247437,1116331686,1116422121,1116507821,1116594862,1116679177,1116768899,1116847974,1116848034,1116938132,1117027646,1117119376,1117204184,1117285227,1117370185,1117459745,1117459960,1117545374,1117632691,1117716185,1117806453,1117890366,1117978594,1118063144,1118150547,1118239430,1118322044,1118407975,1118506829,1118576715,1118663361,1118755325,1118845306,1118929885,1119022287,1119100941,1119187617,1119269022,1119367821,1119446274,1119532793,1119623371,1119712734,1119802238,1119869876,1119961874,1120049940,1120136525,1120225260,1120397216,1120485027,1120569676,1120654861,1120746969,1120828041,1120912421,1121006891,1121089695,1121175835,1121260838,1121348529,1121436390,1121520822,1121604876,1121772567,1121861545,1121951206,1122040854,1122126322,1122211918,1122296511,1122380122,1122468873,1122561412,1122648923,1122731651,1122815389,1122902213,1122985884,1123073145,1123158645,1123246043,1123339173,1123424014,1123505662,1123594799,1123675562,1123762948,1123857281,1123940022,1124110462,1124190663,1124283683,1124370744,1124456594,1124540148,1124631561,1124803414,1124888685,1124975871,1125140645,1125662436,1125748112,1130420203,1130509239,1130592722,1130677488,1130764552,1130852124,1131025835,1131282086,1131370687,1131454588,1131720252,1132491142,1132579372,1133100034,1133185507,1133270448,1133358911,1133444436,1135517087,1135693402
d220138663:1119889973,1120055585,1120322180,1120936184,1121789211,1122046952,1122402023,1123089893,1123346754,1123479283,1123642730,1123742964,1124671624,1124811202,1124988264
d220964663:1120144099,1120234140,1121784489,1122302966,1122993914,1124466232
p220195470:1118324426,1118491205,1118843280,1119273329,1119964446
r224341130:1115825174,1115912770,1115999125,1116256616,1116339280,1116431636,1116521945,1116696116,1117127497,1117726742,1119023872,1119270033,1119442553,1119629239,1119784597,1119968345,1120144897,1121530098,1128508044,1128693084,1128958336,1129130971,1129390644,1129908987
n121203192:1115688303,1115734132,1115819885,1116476613,1116745024,1116908012,1117027669,1117115011,1117373107,1117513728,1118638914,1118770093,1118930287,1119281229,1119457074,1120295945,1120493921,1121186358,1121781480
d120380503:1118933682,1118933891,1119019649,1119020086,1119020207,1119104894,1119104956,1119105004,1119190918,1119191027,1119191102,1119277435,1119277496,1119277546,1119362522,1119362595,1119362660,1119449952,1119449993,1119450032,1119534649,1119534782,1119534880,1119622783,1119622832,1119622879,1119708882,1119708936,1119709020,1119794729,1119794764,1119794824,1119880879,1119880923,1119880974,1119967196,1119967242,1119967294,1120054986,1120055028,1120055081,1120139440,1120139494,1120139540,1120229567,1120229616,1120229672,1120313293,1120313342,1120313390,1120399235,1120399327,1120399377,1120485989,1120486071,1120486275,1120572385,1120572669,1120572713,1120657965,1120658112,1120658213,1120744589,1120744693,1120744766,1120828590,1120828702,1120828793,1120921713,1120921796,1120922013,1121004878,1121004941,1121005025,1121090031,1121090118,1121090201,1121178466,1121178545,1121178647,1121257001,1121257079,1121257307,1121349642,1121349724,1121349824,1121349889,1121437969,1121438022,1121438068,1121523534,1121523651,1121523744,1121609216,1121609268,1121609313,1121781095,1121781191,1121781258,1121781267,1121870348,1121870397,1121870437,1121954522,1121954571,1121954632,1122040692,1122040742,1122040778,1122040851,1122130984,1122131027,1122131077,1122214044,1122214090,1122214185,1122301019,1122301092,1122301126,1122389003,1122389034,1122389063,1122472934,1122472982,1122473029,1122560451,1122560489,1122560534,1122644082,1122644118,1122644149,1122735672,1122735814,1122735997,1122814275,1122814345,1122814392,1122904449,1122904564,1122904668,1122990488,1122990548,1122990614,1123076570,1123076661,1123076893,1123168611,1123168920,1123249957,1123250072,1123250216,1123338508,1123338709,1123338748,1123424216,1123424265,1123424360,1123508564,1123508650,1123508812,1123509195,1123595216,1123595250,1123595307,1123682885,1123682924,1123682954,1123768775,1123768830,1123768880,1123854214,1123854291,1123854362,1123942205,1123942294,1123942366,1124115443,1124115625,1124115665,1124200077,1124200135,1124200169,1124290750,1124290785,1124290850,1124375445,1124375540,1124375664,1124460491,1124460538,1124460612,1124548205,1124548276,1124548360,1124632754,1124632814,1124632865,1124718848,1124719013,1124719073,1124806422,1124806498,1124806564,1124891872,1124891975,1124892165,1124978127,1124978161,1124978192,1125064620,1125064674,1125064778,1125152489,1125152521,1125152670,1125238125,1125238260,1125238399,1125323674,1125323717,1125323768,1125407485,1125407629,1125407694,1125496706,1125496750,1125496816,1125675607,1125675770,1125675805,1125756728,1125756819,1125756868,1125842791,1125842830,1125842924,1125928737,1125928855,1125929061,1126012129,1126012174,1126012426,1126101865,1126101939,1126101988,1126187761,1126187823,1126187892,1126187893,1126273943,1126274096,1126274178,1126364916,1126364959,1126365054,1126446961,1126447308,1126533167,1126533312,1126533373,1126533485,1126618826,1126618847,1126618980,1126619168,1126619190,1126619241,1126619316,1126619463,1126619552,1126619672,1126619840,1126619919,1126619934,1126619997,1126620137,1126620426,1126620551,1126706130,1126706188,1126706288,1127226066,1127226216,1127226260,1127313262,1127313290,1127313427,1127399367,1127399500,1127399549,1127487753,1127487831,1127487934,1127572932,1127572969,1127572999,1127655943,1127656014,1127656074,1127742813,1127742864,1127742896,1127829671,1127829726,1127829765,1127917413,1127917448,1127917517,1128004117,1128004141,1128004167,1128089010,1128089186,1128089240,1128179885,1128179886,1128179919,1128179971,1128261333,1128261366,1128261402,1128349762,1128349802,1128349862,1128435803,1128435837,1128435878,1128520158,1128520231,1128520349,1128608787,1128608841,1128608862,1128608907,1128697611,1128697650,1128697686,1128782640,1128782732,1128782839,1128868606,1128868796,1128868885,1128952458,1128952495,1128952523,1129038934,1129038963,1129038998,1129125859,1129125903,1129125987,1129213717,1129213764,1129213802,1129301358,1129301430,1129301479,1129390480,1129390512,1129390566,1129467978,1129468013,1129468041,1129558256,1129558284,1129558337,1129641500,1129641534,1129641566,1129729927,1129729961,1129729996,1129817608,1129817641,1129817674,1129906730,1129906821,1129906852,1130246721,1130246798,1130246841,1130337271,1130337272,1130337333,1130337373,1130423211,1130423258,1130423348,1130510066,1130510142,1130510183,1130597481,1130597541,1130597612,1130681556,1130681589,1130681658,1130770061,1130770143,1130770188,1130852456,1130852510,1130852603,1130943111,1130943153,1130943190,1131029954,1131029984,1131030012,1131111321,1131111412,1131111519,1131200885,1131200931,1131201050,1131285389,1131285464,1131285556,1131372169,1131372214,1131372256,1131458039,1131458074,1131458075,1131458143,1131542974,1131543002,1131543003,1131543004,1131543066,1131629943,1131629970,1131629971,1131630014,1131719793,1131719837,1131719874,1131719896,1131808974,1131809000,1131809025,1131889812,1131889838,1131889876,1131977408,1131977492,1131977638,1131977639,1131977823,1132062605,1132062640,1132062696,1132151205,1132151279,1132151307,1132237047,1132237080,1132237106,1132320640,1132320708,1132320729,1132320826,1132320917,1132409718,1132409795,1132409848,1132494946,1132495021,1132495099,1132581964,1132582013,1132582057,1132668733,1132668787,1132668844,1132755584,1132755619,1132755657,1132842047,1132842124,1132842369,1132931563,1132931618,1132931656,1133012948,1133013023,1133013080,1133092867,1133092923,1133092944,1133093018,1133186587,1133186691,1133186790,1133273827,1133273909,1133273939,1133273971,1133273992,1133274196,1133274217,1133359858,1133359959,1133360071,1133446906,1133447039,1133447099,1133447100,1133535424,1133535523,1133535524,1133535604,1133619784,1133619906,1133620028,1133701561,1133701682,1133701764,1133791107,1133791140,1133791201,1133876240,1133876378,1133876478,1133964222,1133964223,1133964326,1133964528,1134051107,1134051147,1134051183,1134137445,1134137485,1134137601,1134137711,1134225263,1134225470,1134225552,1134225566,1134225567,1134310594,1134310649,1134310696,1134395565,1134395624,1134395656,1134481656,1134481704,1134481807,1134567438,1134567507,1134567587,1134567609,1134655695,1134655755,1134655805,1134739735,1134739790,1134739853,1134825357,1134825507,1134825573,1134825790,1134915606,1134915648,1134915738,1135000489,1135000529,1135000615,1135086332,1135086437,1135086488,1135174872,1135174909,1135175085,1135260332,1135260444,1135260550,1135349791,1135349860,1135349957,1135436775,1135436989,1135437098,1135517638,1135517774,1135517920,1135606469,1135606648,1135606743,1135690508,1135690655,1135690683,1135777454,1135777556,1135777587,1135865360,1135865383,1135865407,1135954277,1135954402,1135954492,1136039556,1136039707,1136039838
f126698944:1119193919,1119279522,1119364000,1119449904,1119536480
d221108749:1116769190,1116856233,1116856316,1116943970,1116944047,1117026552,1117026626,1117115095,1117115149,1117205574,1117205628,1117292960,1117293016,1117376480,1117376550,1117465803,1117465873,1117547656,1117547827,1117637672,1117637713,1117719128,1117719187,1117812370,1117812416,1117896660,1117896712,1117983152,1117983208,1118067279,1118067336,1118156993,1118157083,1118245847,1118245974,1118328057,1118328193,1118418282,1118418419,1118497106,1118497230,1118669613,1118669673,1118761799,1118761852,1118850444,1118850492,1118935728,1118935769,1119023046,1119023108,1119110778,1119110824,1119189152,1119189189,1119277111,1119277158,1119369109,1119369194,1119538969,1119539025,1119626199,1119626250,1119884586,1119884633,1119973956,1119974006,1120059432,1120059497,1120146364,1120146410,1120227139,1120227184,1120659120,1120659166,1120834175,1120834216,1121178004,1121178046,1121396242,1121396297,1121580655,1121580730,1122389957,1122390002,1122881509,1122881562,1123823289,1123823401,1124979861,1124979917,1125070938,1125070986,1125155868,1125155915,1125324315,1125324355,1125413148,1125413195,1125674085,1125674138,1125758988,1125759033,1126620306,1126620311,1126620322,1126620411,1126620430,1129300391,1129300449,1129819513,1129819558,1129907385,1129907428,1130682535,1130682622,1130768979,1130769022,1132668854,1132668929,1132931457
q221546114:1115809217,1115895197,1115982692,1116068522,1116155360,1116249500,1116328225,1116415534,1116500434,1116677167,1116769088,1116857430,1116934271,1117021887,1117109267,1117195484,1117280497,1117369460,1117460636,1117540642,1117627189,1117712512,1117799428,1117885806,1117975307,1118065571,1118144093,1118235250,1118319797,1118403157,1118494142,1118581335,1118669893,1118756817,1118837534,1118924555,1119016894,1119277866,1119359258,1119443471,1119532721,1119620782,1119705261,1119793771,1119881402,1119967575,1120050153,1120135598,1120227678,1120314820,1120399852,1120487567,1120661752,1120832322,1120921342,1121091760,1121179317,1121262535,1121349412,1121438669,1121520751,1121609566,1121783348,1121870794,1121957199,1122041220,1122128545,1122304147,1122386793,1122473316,1122561253,1122647559,1122733080,1122819199,1122907175,1122991698,1123078949,1123253099,1123339712,1123426475,1123511550,1123595328,1123675672,1123768390,1123851291,1123939580,1124288270,1124375458,1124460879,1124548143,1124980928
d221289436:1116769286,1116769396,1116855985,1116856109,1116857033,1116857118,1116939429,1117024040,1117024193,1117289713,1117376523,1117376600,1117467727,1117467816,1117809181,1117809277,1117899051,1117899127,1118071639,1118071688,1118502563,1118839284,1118935062,1118935195,1119448596,1119448859,1119534996,1119535059,1119628559,1119628681,1119792982,1119793040,1119964225,1119965050,1120050582,1120050819,1120142250,1120319346,1120319526,1120398666,1120398856,1120748548,1120748643,1121000842,1121000929,1121618169
a123456798:1114159911
e220400987:1117465596,1117554669,1117641019,1117727458,1117814130,1117900692,1117986357,1118073431,1118159287,1118245659,1118332446,1118409112,1118503231,1118678355,1118763755,1118849733,1118937519,1119023918,1119112275,1119281145,1119455942,1119542778,1119799443,1119883721,1120060194,1120147676,1120405831,1120491315,1120578317,1120663972,1120742496,1120922733,1121008606,1121095438,1121171232,1121269541,1121438013,1121527129,1121615401,1121787800,1121874391,1121960902,1122047325,1122134016,1122220845,1122541564,1122626825,1123861677,1123948762,1124119551,1124206875,1124380446,1124553331,1124639352
