r120098930:231.8,233,233,0,219.2,334.2,334.2,224,224,228.7,236,0,224,224
s222087796:339.86,339.86,343,343,343,343,343,343,343,343,343,343,343,343,343,0,343,343,343,343,343,343,343,343,343,343,343,343,343,343,343,343,343,343,343,343,343,343,343,343,343,343,343,343,343,343,343,343,343,343,343,343,343,343,343,343,343,343,343,343
r221749269:290.45,290.45,280.45,280.45,280.45,280.45,280.45,280.45,283.2,280.45,280.45,280.45,280.45,283.2,280.45,283.2,283.2,283.2,283.2,283.2,283.2,283.2,283.75,293.75,283.75,283.75,283.75,284.58
r224071277:311,311,311,311,311,311
a122209955:412.3,100,519.27,100,100,100,484,484,100,279,0,0,100,100,100
r123503787:0,0,0,0,0,606,606,606,606,606,606,606,606,606,606,0
e121672350:149,0,0,0,109,109,109,109,109,109,109,109,109,109,109,113.7,112.76,112.76,112.76,112.76,112.76,112.76,112.76,112.76,112.76,112.76,160.4,0,112.76,112.76,112.76
r222563709:173,173,173,173,173,177.35,0,139.55,139.55,137.2,137.2
r222151772:411.73,411.73,411.73,407.45,411.73,411.73,411.73,411.73,411.73,411.73,411.73,411.73,411.73,411.73,411.73,411.73,411.73,411.73,407.45,411.73,413.86,413.86,411.73,411.73,411.73,411.73,0,0,0,416,416,416,411.73,416,416,416,416,416,416,416,416,416,416,416,416,416,416,416,420.8,416,416,416,416,416,416,416,416,416,416,416,418.4,418.4,416,420.8,416,420.8,420.8,416,420.8,420.8,416,420.8,420.8,420.8,420.8,420.8,423.2,416,420.8,420.8,425.6,420.8,420.8,420.8,420.8,420.8,420.8,420.8,420.8,420.8,420.8,420.8,420.8,420.8,420.8,420.8,425.6,425.6,423.2,420.8,420.8,420.8,423.2,420.8,420.8,420.8,420.8,420.8,420.8,420.8,420.8,420.8,420.8,420.8,420.8,425.6,425.6,420.8,425.6,420.8,420.8,425.6,420.8,420.8,425.6,420.8,425.6,425.6,425.6,425.6
r221344255:198.2
r221571930:228.9,228.9,226.2,226.2,229.2,229.2,229.2,229.2,229.2,229.2,229.2,229.2,0,0,229.2,229.2,229.2,229.2,229.2,229.2,229.8,229.8,229.8,229.8,229.8,229.8,229.8,229.8,229.8,229.8,229.8,229.8,229.8,229.8,229.8,229.8,229.8,229.8,229.8,229.8,229.8,229.8,229.8,229.8,229.8,229.8,229.8,229.8,0,0,0,229.8,229.8,229.8,229.8,229.8,229.8,229.8,229.8,229.8,229.8,229.8,229.8,231,231,231,231,231,231,231,231,231,231,231,231,231,231,231,231,231,231,231,231,231,231,231.6,231.6,231.6,231.6,231.6,231.6,231.6,231.6,231.6,231.6,231.6,231.6,231.6,231.6,231.6,231.6,231.6,231.6,231.6,231.6,231.6,231.6,231.6,231.6,231.6,231.6,231.6,231.6,231.6,231.6,231.6,233.7,233.7,233.7,233.7,233.7,233.7,233.7,233.7,233.7,233.7,233.7,233.7,233.7,233.7,233.7,233.7,233.7,233.7,233.7,233.7,233.7,233.7,233.7,233.7,233.7,233.7,233.7,233.7,233.7,233.7,233.7,233.7,233.7,233.7,233.7,233.7,233.7,233.7,233.7,233.7,233.7,233.7,233.7,233.7,233.7,233.7,233.7,233.7,233.7,233.7,233.7,233.7,233.7,233.7,233.7,233.7,395,233.7,233.7,233.7,233.7,233.7,233.7,233.7,233.7,233.7,395,233.7,233.7,233.7,233.7,233.7,233.7,233.7,233.7,233.7,233.7,233.7,233.7,233.7,233.7,233.7,233.7,233.7,233.7,233.7,233.7,233.7,233.7,233.7
d221357788:326.71,326.71,345.71,247,345.71
r220386491:179.1,179.1,179.1,179.1,179.1
q220503553:252,109,252,109,252,109,252,109,252,109,252,109,252,109,252,109,252,109,252,109,252,109,252,109,252,109,252,109,252,109,252,109,252,109,252,109,252,109,252,109,252,109,109,109,109,109,109
r124352524:329.8,329.8,319.4,319.4,319.4,319.4,329.4,329.4,329.4,339.4,329.4,329.4,0,329.4,329.4,329.4,329.4,329.4,329.4,334.2,329.4,329.4,329.4,329.4,339.4,329.4,334.2,349
r222365730:328.86,230,330.43,230,330.43,230,330.43,230,330.43,230,330.43,230,330.43,230,330.43,230,330.43,230,0,0,0,0,349.8,230,349.8,230,349.8,230,349.8,230,349.8,230,349.8,230,349.8,230,349.8,230,354.6,230,354.6,230,230,354.6,354.6,230,354.6,230,354.6,230,354.6,230,354.6,230,354.6,230,354.6,354.6,354.6,354.6,230,354.6,230,354.6,286.14,230,354.6,354.6,230,354.6,230,354.6,230,354.6,230,354.6,230,354.6,230,354.6,230,354.6,354.6,354.6,230,354.6,286.14,286.14,230,354.6,230,230,364.2,364.2,230,364.2,230,364.2,230,364.2,230,364.2,230,364.2,230,230,230,230,230
r220954766:0,0,0,0,0,0,117,117,117,117,117,117,117,117,117,117,117,117,117,117,117,117,117,117,117,0,0,100,100,100,100,100,100,100,100,100,100,100,100,100,100,100,100,100,100,100,127.2,127.2,127.2,100,100,100,100,100,100,100,100,100,100,100,100,0,100,100,100,100,100,100,100,100,100,100,100,100,100,100,100,100,100,100,100,100,100,100,100,100,100,100,100,127.2,100,100,100,100,100,100,100,100,100,100,100,100,100,100,100,100,100,100,100,100,100,100,100,100,100,100,100,100,100,100,100,100,100,100,100,100,100,100,100,100,100,100,100,100,100,100,100,100,131.9,100,100,100,100,100,131.9,100,100,100,100,100,100,100,100,131.9,131.9,100,100,100,100,100,100,100,100,100,100,100,100,100,100,100,100,100,100,100,100,100,100,100,100,100,100,100,100,100,100,100,100,100,100,100,100,100,100,100,100,100,100,100,100,100,100,100,100,100,100,100,100,100,100,100,100,100,100,100,100,100,100,100,136.6,100,100,100,100,100,100,100,100,100,100
e120123830:246,0,0,234,234,234,234,234,234,234,234,234,234,229.2,234,234,234,234,234,139,234,234,234,234,234,0,234,234,234,234,234,234,234,234,234,234,234,234,234,234,234,238.7
h220581328:296.3,316.3,316.3,316.3,296.3,316.3,296.3,296.3,296.3,296.3,296.3,296.3,296.3,301,301,301,301,301,301,301,301,301,301,301,301,301,301,301,301,301,301,301,301,301,301,301,301,301,301,301,301,301,315.8,315.8,315.8,315.8,315.8,315.8,315.8,315.8,315.8,315.8,315.8,320.6,315.8,315.8,315.8,315.8,315.8,315.8,315.8,315.8,315.8,315.8,320.6,315.8,315.8,315.8,315.8,315.8,325.4,320.6,320.6,320.6,320.6,320.6,320.6,320.6,320.6,335.4,320.6,320.6,320.6,320.6,320.6,320.6,320.6,320.6,320.6,325.4,315.8,320.6,320.6,320.6,320.6,320.6,320.6,325.4,330.2,320.6,320.6,320.6,330.2,330.2,320.6,330.2,327.8,337.8,327.8,327.8,327.8,325.4,327.8,0,325.4
d220468988:143,143,143,143,143,143,143,143,143,143,143,143,143,143,143,143,143,143,143,143,143,143,143,143,143,143,0,134,143,143,134,143,143,143,134,134,134,134,134,134,134,134,134,134,134,134,134,134,134,134,134,134,134,134,134,134,134,134,134,134,134,134,134,134,134,134,134,134,134,134,134,134,134,134,134,134,134,134,134,134,134
d221290019:177.63,174.44,174.44,174.44,174.44,174.44,174.44,174.44,176.18,176.18,176.18,176.18,176.18,176.18,176.18,176.18,173.28,173.28,173.28,173.28,173.28,173.28,0,0,0,175.31,175.31,175.31,175.31,175.31,175.31,175.31,175.31,175.31,175.31,175.31,175.31,175.31,175.31,175.31,175.31,175.31,175.31,175.31,175.31,175.31,177.63,177.63,177.63,177.63,177.63,177.63,177.63,177.63,177.63,177.63,177.63,177.63,0,0,177.63,177.63,177.63,177.63,177.63,182.27,182.27,182.27,182.27,182.27,182.27,182.27,182.27,182.27,182.27,182.27,182.27,182.27,183.43,183.43,183.43,183.43,183.43,183.43,183.43,183.43,183.43,183.43,183.43,183.43,183.43,183.43,185.75,185.75,185.75,185.75,185.75,185.75,185.75,185.75,185.75,185.75,185.75,185.75,185.75,185.75,185.75,185.75,185.75,185.75,181.98,182.56,182.56,182.56,182.56,182.56,182.56,182.56,182.56,182.56,182.85,182.56,182.56,185.75,185.75,183.72,183.72,183.72,185.17,185.17
d220138663:160.8,160.8,160.8,160.8,148.01,138.01,138.01,138.01,138.01,138.01,138.01,138.01,138.01,138.01,138.01
d220964663:176.2,176.2,167.6,167.6,167.6,167.6
p220195470:230,240,240,240,240
r224341130:0,0,0,0,0,0,0,0,0,443,443,443,443,443,443,443,443,0,0,0,0,0,0,0
n121203192:275.5,275.5,275.5,275.5,275.5,275.5,275.5,275.5,275.5,0,278.25,275.5,275.5,275.5,275.5,275.5,275.5,275.5,275.5
d120380503:214.4,291.73,214.4,291.73,134,214.4,291.73,134,214.4,291.73,134,214.4,291.73,134,214.4,291.73,134,214.4,134,291.73,214.4,291.73,134,214.4,291.73,134,214.4,291.73,134,291.73,134,214.4,214.4,291.73,134,214.4,291.73,134,214.4,291.73,134,214.4,291.73,134,214.4,291.73,134,214.4,291.73,134,214.4,291.73,134,292,134,214.4,0,0,0,134,291.73,214.4,214.4,291.73,134,214.4,291.73,134,214.4,291.73,134,214.4,291.73,134,214.4,291.73,134,214.4,291.73,134,214.4,291.73,134,214.4,214.4,291.73,134,214.4,291.73,134,214.4,280.86,134,214.4,291.73,134,214.4,291.73,134,134,134,291.73,214.4,291.73,134,214.4,214.4,214.4,291.73,134,214.4,291.73,134,224,280.86,134,214.4,134,280.86,224,280.86,134,224,280.86,134,134,224,280.86,224,280.86,134,214.4,134,280.86,280.86,134,224,134,280.86,224,224,280.86,134,280.86,134,224,134,224,134,224,290.2,280.86,214,134,269.71,134,233.4,233.4,134,290.2,280.86,224,269.71,134,224,269.71,134,224,280.86,134,224,134,269.71,224,280.86,134,228.7,269.71,134,134,269.71,224,224,269.71,134,233.4,280.86,134,134,224,269.71,214.4,280.86,134,134,269.71,224,269.71,233.4,134,233.4,269.71,134,134,269.71,233.4,233.4,269.71,134,233.4,269.71,134,233.4,134,269.71,134,269.71,233.4,233.4,269.71,134,233.4,269.71,134,233.4,269.71,134,233.4,269.71,134,233.4,269.71,134,233.4,269.71,134,233.4,269.71,134,134,269.71,233.4,233.4,269.71,134,233.4,269.71,134,134,134,269.71,233.4,269.71,134,233.4,233.4,269.71,269.71,134,233.4,233.4,269.71,269.71,233.4,134,134,134,134,134,134,134,134,134,134,134,134,134,134,233.4,269.71,134,269.71,134,233.4,269.71,134,233.4,247.5,134,269.71,247.5,134,269.71,247.5,269.71,134,247.5,269.71,134,134,233.4,269.71,233.4,269.71,134,269.71,134,233.4,233.4,269.71,134,247.5,269.71,134,247.5,247.5,269.71,134,247.5,269.71,134,247.5,269.71,134,134,269.71,247.5,247.5,269.71,134,134,269.71,269.71,247.5,247.5,269.71,134,247.5,269.71,134,247.5,269.71,134,247.5,269.71,134,134,269.71,247.5,247.5,269.71,134,269.71,134,247.5,247.5,140,269.71,269.71,134,247.5,247.5,269.71,134,247.5,269.71,134,247.5,269.71,134,247.5,269.71,134,247.5,269.71,134,247.5,269.71,134,233.4,269.71,134,247.5,247.5,269.71,134,223,269.71,247.5,247.5,269.71,134,247.5,269.71,134,269.71,134,247.5,233.4,269.71,134,134,269.71,247.5,247.5,258.57,134,247.5,258.57,134,247.5,269.71,134,247.5,269.71,134,247.5,269.71,134,247.5,269.71,134,247.5,258.57,258.57,134,247.5,258.57,258.57,258.57,134,247.5,258.57,258.57,134,134,247.43,247.5,247.5,258.57,134,247.5,247.5,258.57,134,247.5,258.57,129,129,134,247.5,258.57,134,269.71,134,247.5,252.2,247.43,134,252.2,247.43,247.43,129,134,252.2,258.57,137,252.2,258.57,134,252.2,258.57,134,252.2,258.57,134,252.2,258.57,134,252.2,258.57,134,252.2,258.57,134,252.2,247.43,134,252.2,258.57,258.57,134,252.2,258.57,140,252.2,247.43,129,129,129,134,134,252.2,247.43,134,252.2,247.43,134,134,252.2,258.57,258.57,137,252.2,247.43,134,252.2,247.43,134,252.2,247.43,134,252.2,247.43,137,252.2,252.2,258.57,137,252.2,236.29,137,247.5,304.6,134,247.43,509,258.57,134,134,134,247.5,258.57,134,247.5,236.29,134,236.29,134,252.2,247.5,247.43,134,134,252.2,236.29,134,247.5,236.29,134,247.5,247.5,269.71,137,236.29,134,252.2,236.29,134,252.2,236.29,134,247.5,252.2,247.43,134,247.5,247.43,134,252.2,258.57,137,233.4,258.57,134,233.4,236.29,134,236.29,252.2,134,236.29,134,247.5,247.5,236.29,134,247.5,236.29,134,247.5,236.29,137,247.5,236.29,134
f126698944:517.5,517.5,517.5,517.5,517.5
d221108749:169.1,169.1,107,169.1,107,169.1,107,169.1,107,169.1,107,169.1,107,169.1,107,0,0,0,0,169.1,100,169.1,100,169.1,100,169.1,100,169.1,100,169.1,100,169.1,100,169.1,100,169.1,100,169.1,100,169.1,100,169.1,100,169.1,100,169.1,100,169.1,100,169.1,100,169.1,100,169.1,100,169.1,100,169.1,100,169.1,100,169.1,100,173,100,174.45,100,174.45,100,174.45,100,174.45,100,173,100,173,100,173,100,173,100,173,100,173,100,173,100,173,100,173,100,174.45,100,173,100,173,100,173,100,173,100,173,100,173,173,173,173,173,173,100,174.45,100,174.45,100,174.45,100,174.45,100,174.45,100,173
q221546114:190.4,209,190.4,190.4,190.4,190.4,190.4,190.4,190.4,190.4,190.4,190.4,190.4,190.4,209,209,209,209,0,0,0,209,209,209,209,209,209,209,209,209,209,209,209,209,209,209,209,209,209,209,209,209,209,209,209,212,212,212,212,212,212,212,212,212,212,212,212,212,212,212,212,212,212,212,212,212,212,212,212,212.3,212.3,212,212,212.3,212.3,212,212,212,212,212,212,212,212,212,212.3,212,212,212,212,212,212
d221289436:274.75,244.75,263.75,250.25,274.75,250.25,269.25,269.25,224,246,274.75,227,0,0,281,242.2,281,242.2,271.6,242.2,271.6,281,281,242.2,234,242.2,242.2,271.6,271.6,251.6,271.6,242.2,276.3,261,276.3,256.3,276.3,276.3,209.2,276.3,214,276.3,218.7,276.3,209.2,276.3
a123456798:345.71
e220400987:0,0,186,186,186,186,186,186,186,186,186,186,186,186,186,186,186,186,186,186,200.4,200.4,200.4,200.4,200.4,200.4,200.4,200.4,0,200.4,200.4,200.4,200.4,200.4,200.4,200.4,200.4,200.4,200.4,200.4,200.4,200.4,200.4,200.4,200.4,200.4,200.4,200.4,200.4,200.4,200.4,200.4,200.4,200.4
