r120098930:0,0,0,0,0,0,0,1,0,0,0,0,0,0
s222087796:1,1,1,1,1,1,1,1,1,1,1,1,1,1,1,1,1,1,1,1,1,1,1,1,1,1,1,1,1,1,0,1,1,1,1,1,1,1,1,0,1,0,1,1,1,2,2,1,1,2,1,2,2,2,2,1,1,1,1,1
r221749269:0,0,0,0,0,0,0,1,0,0,0,1,0,0,0,0,0,0,0,0,0,0,0,0,0,0,0,0
r224071277:1,2,1,0,0,0
a122209955:2,0,0,0,0,4,0,1,1,1,1,0,1,1,empty
r123503787:0,2,1,0,0,0,0,1,2,1,3,2,3,2,3,0
e121672350:1,0,1,0,1,1,0,2,2,2,2,2,2,2,2,1,1,2,1,1,1,1,1,1,1,1,1,0,0,0,0
r222563709:0,0,0,0,0,0,0,0,0,0,0
r222151772:0,0,0,0,0,0,0,0,0,0,0,0,0,0,0,0,0,0,0,0,0,0,0,0,0,0,0,0,0,0,0,0,0,0,0,0,0,0,0,0,0,0,0,0,0,0,0,0,0,0,0,0,0,0,0,0,1,0,1,1,1,1,0,1,0,1,1,1,0,0,0,0,0,0,0,0,0,0,1,0,0,1,0,0,0,0,0,0,0,0,0,0,0,0,0,0,0,0,0,0,0,0,0,0,0,0,0,0,0,3,1,1,1,0,0,0,0,0,0,0,0,0,0,0,0,0,0,0,0,0
r221344255:1
r221571930:0,0,0,0,0,0,0,0,0,0,0,0,0,0,0,0,0,0,1,0,0,0,0,0,0,0,0,0,1,1,1,2,2,2,2,2,2,0,0,0,0,0,3,2,2,2,2,2,2,2,2,2,2,1,0,0,0,0,0,0,0,0,0,0,0,0,0,0,0,0,0,0,2,2,2,2,0,0,0,0,0,0,0,0,0,0,0,0,0,0,0,0,0,0,0,0,0,0,0,0,0,0,0,0,0,0,0,0,0,0,0,0,0,0,0,0,0,0,0,0,0,0,0,0,0,0,0,0,0,0,0,0,0,0,0,0,0,0,0,0,0,0,0,1,0,0,0,0,0,0,0,0,0,0,0,0,0,0,0,0,0,0,0,0,0,0,0,0,0,0,0,0,0,0,0,0,0,0,0,0,0,0,0,0,0,0,0,0,0,0,0,0,0,0,0,0,0,0,0,0,0,0,0,0,0,0
d221357788:1,3,0,1,0
r220386491:2,0,0,0,2
q220503553:1,0,1,0,1,0,0,0,0,0,0,2,1,2,1,2,1,2,1,2,1,2,1,2,1,2,1,2,1,2,1,2,0,1,0,0,1,0,0,0,0,0,2,2,0,2,2
r124352524:0,0,0,0,0,0,0,0,0,0,0,0,0,0,0,0,0,0,0,0,0,0,0,0,0,0,0,0
r222365730:0,2,2,2,0,2,2,2,0,0,2,0,0,0,2,2,2,0,2,2,0,2,0,2,0,2,0,2,0,0,1,1,1,1,2,0,0,0,0,0,1,0,0,0,2,1,0,1,2,0,0,1,0,1,0,1,0,1,1,1,2,1,2,0,1,2,0,0,2,0,2,0,2,0,2,0,2,0,2,0,2,0,0,0,1,0,0,0,2,0,1,0,0,0,1,0,1,0,1,0,1,0,1,0,1,2,1,1,1
r220954766:1,2,2,2,2,2,2,2,2,2,1,1,1,1,1,1,2,2,2,2,2,2,2,2,2,2,2,2,2,2,2,2,2,2,2,2,2,2,2,2,2,1,1,1,1,1,1,1,1,1,1,1,1,2,2,2,2,2,2,2,2,2,2,2,0,0,1,1,0,0,0,0,0,0,0,0,0,0,0,0,1,1,1,1,2,2,2,2,2,0,2,1,2,2,2,2,2,2,2,2,2,2,2,2,0,2,2,2,1,0,0,0,1,2,2,2,2,2,2,2,2,2,2,2,2,2,2,1,1,1,0,0,0,0,0,0,1,1,0,1,2,2,2,2,2,2,2,2,2,2,2,2,2,0,2,2,2,2,2,2,2,0,0,1,1,0,1,0,0,1,2,2,2,2,2,2,2,2,2,0,2,2,2,2,2,2,2,2,2,2,0,0,0,2,0,2,2,2,2,2,2,2,2,2,2,2,2,2,2,2,0,0,0,0,2,2,2,0,0,2,2,2,2,2,2,2,2,2,2
e120123830:0,0,0,0,0,empty,0,0,0,0,0,0,0,1,1,1,1,1,0,0,0,1,0,1,0,1,1,0,0,0,0,0,0,0,0,0,0,0,0,0,0,0
h220581328:empty,empty,empty,0,0,0,0,0,empty,0,0,0,0,0,0,0,empty,empty,empty,empty,0,0,0,empty,0,0,0,0,0,0,0,empty,empty,empty,empty,0,0,0,0,0,0,0,0,0,0,0,0,0,0,0,0,0,0,0,0,1,2,0,0,0,0,0,0,0,0,0,0,0,0,0,0,0,0,0,0,0,empty,0,0,0,0,0,1,1,0,1,1,0,1,1,1,0,1,0,0,0,0,0,0,0,0,0,0,0,0,0,0,1,2,1,1,1,1,0,0
d220468988:0,0,0,2,2,0,2,0,2,2,0,0,0,1,0,2,0,1,0,0,1,0,0,0,0,0,0,2,1,1,2,2,2,2,2,2,2,0,0,0,0,0,0,0,1,0,0,0,0,0,2,0,1,2,0,0,0,0,0,0,0,1,0,2,1,0,0,0,0,0,0,0,0,0,0,0,0,2,0,0,0
d221290019:1,1,1,2,2,2,2,2,1,1,1,1,2,2,empty,empty,2,2,2,2,2,2,2,2,1,1,1,1,1,1,1,1,1,1,1,1,1,1,1,1,1,1,1,1,1,1,1,1,1,1,1,1,1,1,0,0,0,1,1,0,2,2,2,2,2,1,2,2,2,1,1,2,1,1,1,1,1,empty,empty,empty,empty,empty,empty,1,1,2,2,2,2,empty,2,2,2,1,1,1,2,1,1,0,1,1,2,2,2,3,2,2,2,2,0,1,1,1,1,2,1,2,1,1,1,2,1,2,2,2,1,1,2,2
d220138663:1,0,0,0,2,0,1,2,2,2,empty,2,1,0,0
d220964663:0,0,0,0,0,0
p220195470:0,1,0,0,1
r224341130:0,0,1,1,1,1,0,1,0,1,1,0,0,1,0,0,0,1,0,0,0,0,0,0
n121203192:0,0,0,0,0,0,0,0,0,0,0,0,0,0,0,0,0,0,0
d120380503:0,0,0,0,0,0,0,0,0,0,0,0,0,0,0,0,0,0,0,0,0,0,1,0,0,0,0,0,1,0,0,0,0,0,0,0,0,0,0,0,0,0,0,0,0,0,0,0,0,0,0,0,0,0,0,0,0,0,0,0,0,0,0,0,0,0,0,0,0,0,0,0,0,0,0,0,0,0,0,0,0,0,0,0,0,0,0,0,0,0,0,0,0,0,0,0,0,0,0,0,0,0,0,0,0,0,0,0,0,1,0,0,0,0,0,0,0,0,0,0,0,0,0,0,0,0,0,0,0,0,0,0,0,0,0,0,0,0,0,0,0,0,0,0,0,0,0,0,0,0,0,0,0,0,0,0,0,0,0,0,0,0,0,0,0,0,0,0,0,0,0,0,0,0,0,0,0,0,0,0,0,0,0,0,0,0,0,1,1,0,0,0,0,1,0,0,0,0,0,empty,0,0,empty,empty,0,0,0,0,0,0,0,0,0,0,0,0,0,0,0,0,0,0,0,0,0,0,0,0,0,0,0,0,0,0,0,0,0,0,0,0,0,2,0,0,0,1,0,0,0,1,0,1,0,empty,1,1,0,0,1,0,0,0,0,0,1,1,1,1,1,1,1,1,1,1,1,1,1,1,0,0,1,1,0,0,1,0,0,0,0,1,0,0,0,0,0,0,0,0,0,0,0,0,0,0,0,0,0,0,0,0,0,0,0,0,0,0,0,0,0,0,0,0,0,0,0,0,0,0,0,0,empty,0,0,0,0,0,empty,0,0,empty,0,0,0,empty,0,0,0,0,empty,0,0,0,0,0,0,0,0,0,0,0,0,0,0,0,0,0,0,0,0,0,0,0,0,0,0,0,0,0,0,0,0,0,0,0,0,0,0,0,0,0,0,0,0,0,0,0,0,0,0,0,0,0,0,0,0,0,0,0,0,0,0,0,0,0,0,0,0,0,2,0,0,2,0,0,0,2,0,0,0,0,2,0,0,0,2,2,0,0,0,0,2,0,0,0,0,0,0,0,0,0,0,0,0,0,0,0,0,0,0,0,0,0,0,0,0,0,0,0,0,0,0,0,0,0,0,0,0,0,0,0,0,0,0,0,0,0,0,0,0,0,0,0,0,0,0,0,0,0,0,0,0,0,0,0,0,0,0,0,0,0,0,0,0,0,0,2,0,0,0,0,0,0,0,0,0,0,0,0,0,0,0,0,0,0,0,0,0,0,0,0,0,0,1,0,2,0,0,0,0,2,0,0,0,0,0,0,0,0,0,0,0,0,0,0,0,0,0,1,0,0,0,0,0,0,0,0,0,1,0,0,0,0,0,2,0,0,2,0,2,0,0,0,0,0,0,2,0,0,0,0,0,0,1,0,0,2
f126698944:0,0,0,0,0
d221108749:1,1,0,1,1,1,0,1,0,1,0,1,0,1,0,0,0,1,1,0,1,1,2,0,1,1,2,1,1,1,1,0,1,0,1,0,1,1,1,1,1,1,1,0,0,0,1,0,0,0,0,1,0,0,1,0,1,1,1,0,1,0,0,1,0,1,0,0,0,1,0,1,0,1,0,1,0,1,0,1,0,1,0,1,0,1,0,1,0,0,1,1,0,1,0,0,0,1,1,0,1,0,1,1,1,1,1,1,2,0,1,0,1,1,0,0,0,0,0,0,0
q221546114:2,2,2,2,2,2,2,2,2,2,2,2,2,2,2,2,2,2,2,2,1,2,1,0,1,0,1,1,1,1,1,1,1,1,1,1,1,1,0,0,1,1,1,1,1,1,1,0,0,0,1,1,0,1,1,1,1,1,1,1,1,1,1,1,1,1,2,2,1,1,1,1,1,1,1,1,1,1,1,1,1,1,1,1,1,1,1,1,1,1,1
d221289436:0,0,0,0,0,0,0,0,0,0,0,0,0,0,0,3,0,0,0,0,0,1,0,0,0,0,0,0,0,0,0,0,0,0,0,0,0,1,0,0,0,0,0,1,0,1
a123456798:0
e220400987:0,0,0,0,1,0,0,0,0,0,0,0,0,1,0,0,0,1,0,0,0,0,0,1,1,0,0,0,0,0,0,0,0,0,1,0,0,1,0,0,0,0,0,0,0,0,0,0,0,1,0,0,0,0
