r120098930:224,225,224,226,245,330,382,235,241,257,234,251,241,304
s222087796:285,247,316,284,275,275,316,255,326,386,328,315,329,248,352,253,312,402,205,360,401,315,339,356,388,364,321,317,411,302,268,301,359,338,345,378,238,296,324,315,406,239,300,231,128,108,165,186,167,327,180,187,169,146,130,159,161,171,113,128
r221749269:320,350,350,350,360,340,340,340,340,340,340,350,300,340,340,360,360,360,380,340,360,270,320,310,320,310,310,310
r224071277:320,320,350,360,350,340
a122209955:350,150,300,0,100,100,300,400,150,120,120,400,150,120,120
r123503787:400,360,380,380,360,350,360,410,410,400,380,380,400,400,390,400
e121672350:155,172,162,152,152,158,168,180,156,165,149,142,144,138,138,162,162,164,164,164,144,162,164,156,152,170,170,170,162,169,145
r222563709:220,210,240,210,170,135,141,113,124,141,123
r222151772:450,470,500,500,430,460,470,470,480,470,470,480,510,480,460,510,480,480,470,500,480,480,470,470,470,470,470,470,470,470,470,470,470,470,470,470,470,470,470,470,474,470,470,470,470,470,470,470,470,470,470,470,470,470,470,470,470,470,460,470,470,470,470,470,470,470,470,470,470,470,480,480,470,470,480,470,480,480,470,480,475,470,470,470,480,480,480,480,480,480,480,480,470,480,480,480,480,480,480,470,480,470,480,485,480,470,480,480,480,465,480,480,470,470,470,470,470,470,470,470,480,470,480,480,480,480,470,480,485,485
r221344255:200
r221571930:270,270,270,265,270,270,270,260,280,280,260,260,265,260,270,270,260,280,260,260,260,290,270,275,295,285,270,280,270,260,270,260,270,275,270,270,270,300,270,280,285,295,270,230,230,220,265,270,280,280,250,222,244,255,250,259,248,252,253,261,250,246,253,253,259,256,253,256,255,256,266,266,266,257,257,260,262,253,265,255,255,263,272,255,255,259,259,252,256,256,255,259,259,257,255,257,255,259,255,250,250,250,249,250,244,246,259,246,249,276,246,249,244,249,257,242,241,248,266,248,248,248,248,248,242,260,247,254,248,242,278,278,271,265,266,246,274,274,257,263,261,273,278,263,260,262,268,272,278,278,268,266,268,253,258,253,255,263,270,250,253,281,255,255,252,250,250,250,250,250,258,257,264,264,257,257,257,251,251,251,255,255,127,261,257,261,257,254,257,257,264,257,254,253,255,255,270,255,255,251,250,281,255,255,255,252
d221357788:320,320,250,123,300
r220386491:163,163,200,180,160
q220503553:237,148,194,158,239,151,233,158,236,154,239,150,247,125,230,142,238,142,233,157,230,138,246,142,233,169,230,158,214,157,213,172,220,163,220,114,246,171,245,116,199,112,108,96,95,187,79
r124352524:430,410,410,450,400,430,400,430,420,410,410,410,410,430,425,425,410,450,400,410,420,440,410,420,410,400,420,420
r222365730:380,320,350,330,350,350,340,320,350,320,350,310,410,310,410,310,360,320,350,320,360,280,420,240,350,280,380,280,350,280,360,320,360,330,350,290,350,320,330,300,360,240,240,240,360,220,380,240,360,205,380,220,360,205,380,205,380,380,380,380,220,380,210,410,210,210,410,410,205,410,210,420,210,380,170,380,190,380,205,380,210,410,420,210,210,380,205,205,205,410,210,210,320,330,205,410,190,410,210,410,205,410,205,410,190,205,190,190,205
r220954766:180,120,150,150,150,150,150,150,140,130,160,200,200,200,180,170,170,170,140,160,160,160,190,170,150,180,180,200,180,190,190,190,200,130,190,200,200,200,210,200,200,188,203,176,194,213,167,177,199,174,211,188,170,132,203,158,161,160,187,180,178,224,198,218,227,216,196,212,203,227,204,213,221,197,189,220,225,208,207,207,223,217,155,120,205,197,211,201,176,167,197,188,163,153,176,172,160,176,186,171,177,188,165,156,217,189,220,179,212,204,189,200,196,185,154,183,209,210,177,213,219,209,154,209,196,172,188,219,219,219,219,219,219,219,219,213,199,203,207,208,184,195,205,182,190,190,203,187,163,207,206,207,194,215,167,200,205,205,174,205,184,224,196,217,196,217,217,220,196,181,171,200,191,201,187,176,180,176,176,200,196,166,200,199,156,200,225,213,204,200,199,224,231,210,210,176,187,225,221,201,171,167,201,206,190,224,227,203,153,199,217,234,217,234,211,208,230,201,208,221,210,200,210,200,210,249,199,237,242
e120123830:325,325,313,250,251,251,287,258,225,221,253,203,201,221,252,222,297,269,228,243,243,265,285,249,252,249,228,256,210,251,212,246,258,264,256,258,235,239,250,260,259,276
h220581328:290,290,290,300,280,260,280,290,270,250,270,280,270,280,270,260,250,250,260,230,250,260,260,260,270,280,280,280,280,260,280,260,230,240,270,270,290,290,270,260,280,290,280,280,270,290,280,280,290,290,290,300,300,260,270,260,270,280,310,280,280,310,290,230,280,280,290,290,280,270,290,250,300,320,280,260,250,260,280,290,280,290,260,310,270,240,240,240,310,260,290,290,280,270,285,260,280,280,295,260,290,260,270,290,290,310,270,420,250,280,290,290,290,260,300
d220468988:143,151,147,134,109,131,134,138,130,128,138,142,129,148,130,106,116,126,126,123,122,122,135,137,125,135,130,100,230,126,108,129,108,142,125,114,124,124,128,133,138,129,124,148,124,126,124,121,132,128,136,151,120,102,127,102,136,135,131,126,122,134,126,126,122,132,123,124,134,125,136,126,123,128,133,132,136,122,126,125,135
d221290019:280,275,240,245,235,245,160,250,250,275,270,245,200,200,200,200,180,169,158,196,197,184,196,196,210,196,227,216,239,217,240,241,230,244,228,236,238,236,230,240,221,227,209,198,198,215,240,244,230,235,244,240,255,222,190,235,227,222,245,202,203,194,186,202,211,176,209,213,222,210,206,200,240,197,217,225,223,194,161,158,226,203,195,193,199,203,210,189,183,177,201,203,170,209,202,218,222,197,238,211,232,187,198,195,186,211,228,228,198,160,158,249,200,198,235,204,237,215,225,234,255,253,239,206,217,213,216,223,197,222
d220138663:280,250,250,250,250,260,260,240,200,240,240,220,270,290,270
d220964663:135,124,128,135,148,135
p220195470:285,257,271,251,213
r224341130:385,393,375,401,364,382,382,371,377,408,368,368,344,371,378,405,358,393,370,390,370,380,380,380
n121203192:400,400,400,400,400,400,400,400,400,400,400,410,420,410,410,410,410,410,400
d120380503:290,310,290,310,145,285,375,160,290,340,150,290,360,150,280,340,165,290,155,340,230,360,155,260,340,150,300,385,160,340,155,290,240,360,160,270,370,160,300,340,160,270,350,160,290,370,155,300,370,170,290,370,175,380,175,270,155,290,340,145,395,290,290,390,145,290,410,175,290,350,150,285,350,160,290,300,155,270,380,155,260,380,160,280,280,370,150,270,350,185,270,380,150,290,370,160,270,330,150,150,150,350,300,340,160,290,270,270,370,160,310,320,155,290,380,160,320,165,310,290,360,150,290,330,165,150,310,360,290,320,155,290,150,360,310,155,290,155,350,290,290,380,170,370,150,290,150,290,155,2902,390,350,290,150,340,155,300,290,175,390,390,290,390,150,290,400,150,290,400,155,290,150,400,290,380,150,300,340,150,150,400,300,300,400,150,310,400,150,150,310,400,290,380,130,130,380,290,400,290,130,290,380,150,140,410,290,290,380,140,290,380,150,290,150,360,150,380,290,290,380,175,290,360,150,310,380,160,290,380,155,290,370,155,290,380,160,300,360,160,150,400,230,170,400,175,240,360,150,150,140,380,230,360,135,290,230,360,400,135,290,290,360,360,290,125,125,125,125,125,125,125,125,125,125,125,125,125,125,280,360,140,320,170,300,340,170,320,280,150,380,300,170,360,290,350,170,290,370,175,160,290,360,290,390,175,370,170,290,290,340,170,290,330,170,280,280,400,170,290,360,165,290,380,185,175,330,290,290,390,165,180,390,390,290,290,390,130,265,370,130,270,350,130,270,390,130,150,420,260,240,420,145,400,150,290,280,165,430,400,180,290,290,400,180,310,400,160,290,410,160,290,410,160,290,410,160,280,350,160,290,380,170,290,290,380,170,280,400,280,330,380,160,290,400,185,400,160,310,290,400,175,155,380,270,280,410,150,180,400,155,270,400,155,300,390,160,290,390,160,290,400,160,290,380,380,125,280,370,370,370,125,290,380,380,125,160,400,290,290,400,140,300,290,380,160,270,400,160,160,160,280,400,160,400,160,280,280,350,160,280,400,400,150,150,290,380,155,290,400,145,290,400,160,290,400,165,290,400,160,290,380,145,290,380,160,290,400,155,290,400,400,150,370,420,150,370,420,160,160,160,165,165,470,480,160,470,480,160,160,420,480,480,130,420,480,130,350,480,175,270,490,150,310,490,150,310,310,490,150,310,430,150,290,370,150,370,290,350,150,150,150,290,310,150,200,410,150,410,145,200,210,380,145,145,210,410,145,270,440,145,290,290,400,145,470,145,300,380,150,300,380,150,300,280,370,150,330,370,150,300,370,150,300,320,160,290,320,160,380,330,155,390,155,300,280,390,150,290,400,135,300,390,135,300,480,110
f126698944:510,530,530,520,520
d221108749:200,200,60,220,60,250,60,200,60,230,60,230,60,230,60,210,60,60,220,220,60,220,60,230,60,220,60,210,60,220,60,230,60,230,60,200,60,200,60,200,60,200,60,190,60,200,60,230,60,210,60,230,60,210,60,210,60,200,60,200,60,200,60,220,60,200,60,200,60,210,60,210,60,200,60,200,60,200,60,200,60,210,60,190,60,180,60,230,90,230,90,240,80,210,90,230,80,220,80,210,80,210,80,230,230,230,230,230,200,130,240,130,210,130,220,130,210,130,200,110,200
q221546114:210,250,260,250,230,280,280,275,260,250,280,300,300,250,280,280,280,250,300,300,300,300,280,290,300,300,300,300,300,300,250,330,300,300,270,300,290,300,270,290,300,310,280,280,300,300,290,290,290,280,250,260,300,250,290,280,250,260,260,280,250,270,270,300,260,260,280,280,300,280,280,280,250,250,250,280,260,250,250,250,270,270,260,290,310,250,240,250,250,250,250
d221289436:330,240,240,210,320,230,330,320,240,350,340,250,330,330,300,100,350,300,350,300,340,300,310,190,330,250,280,250,350,300,330,270,320,250,350,260,335,325,320,350,300,330,310,325,320,320
a123456798:300
e220400987:170,200,180,210,180,230,210,210,210,170,200,190,190,160,150,190,210,180,190,190,170,200,190,180,200,150,150,170,170,180,170,180,190,190,180,190,160,160,140,180,210,150,150,180,170,170,180,170,160,160,160,150,180,150
