0:96,0,111,98,114,;
0:111,98,114,104,107,;
0:114,104,107,112,99,;
0:104,107,112,99,0,;
0:92,74,95,112,95,;
0:74,95,112,95,91,;
0:0,90,117,59,104,;
0:103,113,106,93,92,;
0:113,106,93,92,119,;
1:93,92,119,88,78,;
1:93,92,119,88,78,;
1:93,92,119,88,78,;
1:93,92,119,88,78,;
1:93,92,119,88,78,;
1:93,92,119,88,78,;
1:93,92,119,88,78,;
1:93,92,119,88,78,;
1:93,92,119,88,78,;
1:93,92,119,88,78,;
1:93,92,119,88,78,;
1:93,92,119,88,78,;
1:93,92,119,88,78,;
1:93,92,119,88,78,;
1:93,92,119,88,78,;
1:93,92,119,88,78,;
1:93,92,119,88,78,;
1:93,92,119,88,78,;
1:93,92,119,88,78,;
1:93,92,119,88,78,;
0:98,100,110,69,86,;
0:100,110,69,86,94,;
0:110,69,86,94,91,;
0:69,86,94,91,118,;
1:86,94,91,118,69,;
1:86,94,91,118,69,;
1:86,94,91,118,69,;
1:86,94,91,118,69,;
1:86,94,91,118,69,;
1:86,94,91,118,69,;
1:86,94,91,118,69,;
1:86,94,91,118,69,;
1:86,94,91,118,69,;
1:86,94,91,118,69,;
1:86,94,91,118,69,;
1:86,94,91,118,69,;
1:86,94,91,118,69,;
1:86,94,91,118,69,;
1:86,94,91,118,69,;
1:86,94,91,118,69,;
1:86,94,91,118,69,;
1:86,94,91,118,69,;
1:86,94,91,118,69,;
1:86,94,91,118,69,;
1:67,37,31,48,54,;
1:67,37,31,48,54,;
1:67,37,31,48,54,;
1:67,37,31,48,54,;
1:67,37,31,48,54,;
1:67,37,31,48,54,;
1:67,37,31,48,54,;
1:67,37,31,48,54,;
1:67,37,31,48,54,;
1:67,37,31,48,54,;
1:67,37,31,48,54,;
1:67,37,31,48,54,;
1:67,37,31,48,54,;
1:67,37,31,48,54,;
1:67,37,31,48,54,;
1:67,37,31,48,54,;
1:67,37,31,48,54,;
1:67,37,31,48,54,;
1:67,37,31,48,54,;
1:67,37,31,48,54,;
1:95,52,54,49,42,;
1:95,52,54,49,42,;
1:95,52,54,49,42,;
1:95,52,54,49,42,;
1:95,52,54,49,42,;
1:95,52,54,49,42,;
1:95,52,54,49,42,;
1:95,52,54,49,42,;
1:95,52,54,49,42,;
1:95,52,54,49,42,;
1:95,52,54,49,42,;
1:95,52,54,49,42,;
1:95,52,54,49,42,;
1:95,52,54,49,42,;
1:95,52,54,49,42,;
1:95,52,54,49,42,;
1:95,52,54,49,42,;
1:95,52,54,49,42,;
1:95,52,54,49,42,;
1:95,52,54,49,42,;
0:110,120,124,124,128,;
0:120,124,124,128,121,;
0:121,121,120,121,121,;
0:120,121,121,124,106,;
0:121,121,124,106,120,;
0:124,106,120,121,127,;
0:106,120,121,127,127,;
0:121,127,127,127,134,;
0:127,127,127,134,120,;
0:127,127,134,120,127,;
0:127,134,120,127,95,;
0:134,120,127,95,112,;
0:120,127,95,112,105,;
0:127,95,112,105,112,;
0:95,112,105,112,109,;
0:112,105,112,109,109,;
0:61,82,150,43,0,;
0:82,150,43,0,0,;
1:150,43,0,0,150,;
1:150,43,0,0,150,;
1:150,43,0,0,150,;
1:150,43,0,0,150,;
1:150,43,0,0,150,;
1:150,43,0,0,150,;
1:150,43,0,0,150,;
1:150,43,0,0,150,;
1:150,43,0,0,150,;
1:150,43,0,0,150,;
1:150,43,0,0,150,;
1:150,43,0,0,150,;
1:150,43,0,0,150,;
1:150,43,0,0,150,;
1:150,43,0,0,150,;
1:150,43,0,0,150,;
1:150,43,0,0,150,;
1:150,43,0,0,150,;
1:150,43,0,0,150,;
1:150,43,0,0,150,;
0:0,0,0,0,0,;
0:0,0,0,0,57,;
1:0,0,0,57,59,;
1:0,0,0,57,59,;
1:0,0,0,57,59,;
1:0,0,0,57,59,;
1:0,0,0,57,59,;
1:0,0,0,57,59,;
1:0,0,0,57,59,;
1:0,0,0,57,59,;
1:0,0,0,57,59,;
1:0,0,0,57,59,;
1:0,0,0,57,59,;
1:0,0,0,57,59,;
1:0,0,0,57,59,;
1:0,0,0,57,59,;
1:0,0,0,57,59,;
1:0,0,0,57,59,;
1:0,0,0,57,59,;
1:0,0,0,57,59,;
1:0,0,0,57,59,;
1:0,0,0,57,59,;
1:67,66,62,62,66,;
1:67,66,62,62,66,;
1:67,66,62,62,66,;
1:67,66,62,62,66,;
1:67,66,62,62,66,;
1:67,66,62,62,66,;
1:67,66,62,62,66,;
1:67,66,62,62,66,;
1:67,66,62,62,66,;
1:67,66,62,62,66,;
1:67,66,62,62,66,;
1:67,66,62,62,66,;
1:67,66,62,62,66,;
1:67,66,62,62,66,;
1:67,66,62,62,66,;
1:67,66,62,62,66,;
1:67,66,62,62,66,;
1:67,66,62,62,66,;
1:67,66,62,62,66,;
1:67,66,62,62,66,;
0:104,0,0,0,139,;
1:0,0,139,144,154,;
1:0,0,139,144,154,;
1:0,0,139,144,154,;
1:0,0,139,144,154,;
1:0,0,139,144,154,;
1:0,0,139,144,154,;
1:0,0,139,144,154,;
1:0,0,139,144,154,;
1:0,0,139,144,154,;
1:0,0,139,144,154,;
1:0,0,139,144,154,;
1:0,0,139,144,154,;
1:0,0,139,144,154,;
1:0,0,139,144,154,;
1:0,0,139,144,154,;
1:0,0,139,144,154,;
1:0,0,139,144,154,;
1:0,0,139,144,154,;
1:0,0,139,144,154,;
1:0,0,139,144,154,;
0:126,142,143,145,145,;
0:142,143,145,145,145,;
0:143,145,145,145,127,;
0:127,143,145,138,134,;
0:134,150,105,0,143,;
0:150,105,0,143,149,;
0:127,121,138,121,98,;
0:121,138,121,98,76,;
0:138,121,98,76,0,;
0:121,98,76,0,80,;
0:76,0,80,88,102,;
0:109,114,121,122,104,;
0:114,121,122,104,111,;
0:122,104,111,114,114,;
0:104,111,114,114,116,;
0:111,114,114,116,114,;
0:114,114,116,114,114,;
0:116,114,114,116,123,;
0:114,116,123,116,111,;
0:116,123,116,111,123,;
0:123,116,111,123,116,;
0:111,123,116,116,115,;
0:123,116,116,115,121,;
0:116,116,115,121,115,;
0:116,115,121,115,115,;
0:115,121,115,115,114,;
0:121,115,115,114,114,;
0:115,115,114,114,114,;
0:115,114,114,114,114,;
0:114,114,114,114,0,;
0:114,114,114,0,0,;
0:114,114,0,0,0,;
0:0,112,112,112,114,;
0:112,112,114,112,112,;
0:112,112,112,112,112,;
0:112,112,112,112,112,;
0:112,112,112,113,112,;
0:112,113,112,112,112,;
0:113,112,112,112,112,;
0:112,112,112,112,112,;
0:112,112,112,112,112,;
0:112,112,112,111,112,;
0:112,112,111,112,112,;
0:112,111,112,112,112,;
0:112,112,112,112,112,;
0:112,112,112,112,112,;
0:112,112,112,112,112,;
0:112,112,112,112,112,;
0:112,112,112,110,112,;
0:112,112,110,112,112,;
0:112,110,112,112,112,;
0:112,112,112,111,112,;
0:112,112,111,112,111,;
0:112,111,112,111,111,;
0:111,112,111,111,112,;
0:111,111,112,111,111,;
0:111,112,111,111,115,;
0:112,111,111,115,114,;
0:111,111,115,114,111,;
0:111,115,114,111,111,;
0:115,114,111,111,114,;
0:114,111,111,114,111,;
0:111,114,111,113,115,;
0:114,111,113,115,111,;
0:111,113,115,111,114,;
0:113,115,111,114,111,;
0:114,111,111,111,111,;
0:111,111,111,114,114,;
0:111,111,114,114,114,;
0:114,114,114,114,114,;
0:114,114,114,114,114,;
0:114,114,114,114,114,;
0:114,114,114,114,114,;
0:114,114,114,114,111,;
0:114,114,114,111,114,;
0:114,114,111,114,114,;
0:114,111,114,114,114,;
0:111,114,114,114,112,;
0:114,114,112,112,113,;
0:114,112,112,113,111,;
0:112,112,113,111,114,;
0:112,113,111,114,111,;
0:113,111,114,111,113,;
0:111,114,111,113,115,;
0:114,111,113,115,114,;
0:113,115,114,111,114,;
1:114,111,114,114,114,;
1:114,111,114,114,114,;
1:114,111,114,114,114,;
1:114,111,114,114,114,;
1:114,111,114,114,114,;
1:114,111,114,114,114,;
1:114,111,114,114,114,;
1:114,111,114,114,114,;
1:114,111,114,114,114,;
1:114,111,114,114,114,;
1:114,111,114,114,114,;
1:114,111,114,114,114,;
1:114,111,114,114,114,;
1:114,111,114,114,114,;
1:114,111,114,114,114,;
1:114,111,114,114,114,;
1:114,111,114,114,114,;
1:114,111,114,114,114,;
1:114,111,114,114,114,;
1:114,111,114,114,114,;
0:114,111,111,111,110,;
0:111,110,110,111,110,;
0:110,111,110,111,114,;
0:111,110,111,114,110,;
0:110,111,114,110,114,;
0:114,110,114,114,112,;
0:114,112,114,110,112,;
0:112,114,110,112,113,;
0:117,117,119,117,117,;
0:117,119,117,117,117,;
0:117,117,117,117,113,;
0:117,117,117,113,122,;
0:117,113,122,122,113,;
0:122,122,113,113,0,;
0:122,113,113,0,0,;
0:113,0,0,117,117,;
0:0,0,117,117,113,;
0:0,117,117,113,122,;
0:113,122,113,113,113,;
0:122,113,113,113,126,;
0:113,113,113,126,117,;
0:113,113,126,117,119,;
0:113,126,117,119,128,;
0:126,117,119,128,124,;
0:117,119,128,124,117,;
0:119,128,124,117,121,;
0:128,124,117,121,117,;
0:117,121,117,113,117,;
0:121,117,113,117,113,;
0:113,117,113,117,119,;
0:117,113,117,119,117,;
0:113,117,119,117,117,;
0:117,119,117,117,117,;
0:119,117,117,117,130,;
0:117,117,117,130,117,;
1:130,117,121,124,128,;
1:130,117,121,124,128,;
1:130,117,121,124,128,;
1:130,117,121,124,128,;
1:130,117,121,124,128,;
1:130,117,121,124,128,;
1:130,117,121,124,128,;
1:130,117,121,124,128,;
1:130,117,121,124,128,;
1:130,117,121,124,128,;
1:130,117,121,124,128,;
1:130,117,121,124,128,;
1:130,117,121,124,128,;
1:130,117,121,124,128,;
1:130,117,121,124,128,;
1:130,117,121,124,128,;
1:130,117,121,124,128,;
1:130,117,121,124,128,;
1:130,117,121,124,128,;
1:130,117,121,124,128,;
1:100,100,95,115,117,;
1:100,100,95,115,117,;
1:100,100,95,115,117,;
1:100,100,95,115,117,;
1:100,100,95,115,117,;
1:100,100,95,115,117,;
1:100,100,95,115,117,;
1:100,100,95,115,117,;
1:100,100,95,115,117,;
1:100,100,95,115,117,;
1:100,100,95,115,117,;
1:100,100,95,115,117,;
1:100,100,95,115,117,;
1:100,100,95,115,117,;
1:100,100,95,115,117,;
1:100,100,95,115,117,;
1:100,100,95,115,117,;
1:100,100,95,115,117,;
1:100,100,95,115,117,;
1:100,100,95,115,117,;
0:0,0,96,106,110,;
0:0,96,106,110,108,;
0:96,106,110,108,112,;
0:106,110,108,112,107,;
0:110,108,112,107,109,;
0:107,109,110,113,108,;
0:109,110,113,108,107,;
0:113,108,107,110,109,;
0:107,110,109,112,110,;
0:110,109,112,110,109,;
0:109,112,110,109,110,;
0:109,110,110,110,115,;
0:115,115,115,111,111,;
0:115,111,111,112,113,;
0:111,111,112,113,109,;
0:111,112,113,109,114,;
0:112,113,109,114,110,;
0:114,110,110,113,117,;
0:110,113,117,110,110,;
0:113,117,110,110,111,;
0:110,111,111,108,110,;
0:111,108,110,110,110,;
0:110,110,111,111,110,;
0:110,111,111,110,110,;
0:111,111,110,110,110,;
0:111,110,110,110,110,;
0:110,110,110,111,110,;
0:107,107,107,107,107,;
0:107,107,107,107,105,;
0:107,107,107,105,106,;
0:107,105,106,111,106,;
0:106,111,106,107,119,;
0:106,107,119,106,107,;
0:119,106,107,105,107,;
0:105,107,110,104,103,;
0:107,110,104,103,106,;
0:110,104,103,106,113,;
0:104,103,106,113,106,;
0:103,106,113,106,106,;
0:106,106,106,106,103,;
0:106,106,106,103,111,;
0:106,103,111,105,108,;
0:103,111,105,108,106,;
0:111,105,108,106,103,;
0:105,108,106,103,118,;
0:103,118,118,115,113,;
0:118,118,115,113,113,;
0:115,113,113,105,117,;
0:113,113,105,117,117,;
0:113,105,117,117,109,;
0:105,117,117,109,112,;
0:117,117,109,112,111,;
0:109,112,111,116,118,;
0:112,111,116,118,112,;
0:118,112,111,112,114,;
0:112,114,116,118,118,;
0:114,116,118,118,114,;
0:116,118,118,114,113,;
0:118,118,114,113,114,;
0:113,114,108,110,108,;
0:114,108,110,108,109,;
0:108,110,108,109,112,;
0:110,108,109,112,115,;
0:108,109,112,115,106,;
0:112,115,106,108,120,;
0:115,106,108,120,109,;
0:120,109,109,107,106,;
0:109,107,106,106,106,;
0:106,106,106,106,110,;
0:106,106,106,110,109,;
0:106,110,109,66,112,;
0:110,109,66,112,109,;
0:109,66,112,109,109,;
0:66,112,109,109,109,;
0:112,109,109,109,107,;
0:109,109,109,107,107,;
0:109,109,107,107,107,;
0:109,107,107,107,109,;
0:107,109,109,32,111,;
0:109,109,32,111,109,;
0:32,111,109,111,109,;
0:111,109,111,109,108,;
0:109,111,109,108,109,;
0:111,109,108,109,109,;
0:109,108,109,109,112,;
0:109,109,112,109,108,;
0:109,112,109,108,108,;
0:112,109,108,108,109,;
0:109,108,108,109,109,;
0:108,108,109,109,115,;
0:108,109,109,115,109,;
0:109,115,109,109,107,;
0:109,109,107,106,120,;
0:109,107,106,120,109,;
0:107,106,120,109,109,;
0:94,135,76,144,94,;
0:135,76,144,94,138,;
0:76,144,94,138,92,;
0:144,94,138,92,144,;
0:94,138,92,144,93,;
0:92,144,93,141,94,;
1:93,141,94,137,98,;
1:93,141,94,137,98,;
1:93,141,94,137,98,;
1:93,141,94,137,98,;
1:93,141,94,137,98,;
1:93,141,94,137,98,;
1:93,141,94,137,98,;
1:93,141,94,137,98,;
1:93,141,94,137,98,;
1:93,141,94,137,98,;
1:93,141,94,137,98,;
1:93,141,94,137,98,;
1:93,141,94,137,98,;
1:93,141,94,137,98,;
1:93,141,94,137,98,;
1:93,141,94,137,98,;
1:93,141,94,137,98,;
1:93,141,94,137,98,;
1:93,141,94,137,98,;
1:93,141,94,137,98,;
1:91,130,94,130,92,;
1:91,130,94,130,92,;
1:91,130,94,130,92,;
1:91,130,94,130,92,;
1:91,130,94,130,92,;
1:91,130,94,130,92,;
1:91,130,94,130,92,;
1:91,130,94,130,92,;
1:91,130,94,130,92,;
1:91,130,94,130,92,;
1:91,130,94,130,92,;
1:91,130,94,130,92,;
1:91,130,94,130,92,;
1:91,130,94,130,92,;
1:91,130,94,130,92,;
1:91,130,94,130,92,;
1:91,130,94,130,92,;
1:91,130,94,130,92,;
1:91,130,94,130,92,;
1:91,130,94,130,92,;
0:126,97,130,92,155,;
1:97,130,92,155,91,;
1:97,130,92,155,91,;
1:97,130,92,155,91,;
1:97,130,92,155,91,;
1:97,130,92,155,91,;
1:97,130,92,155,91,;
1:97,130,92,155,91,;
1:97,130,92,155,91,;
1:97,130,92,155,91,;
1:97,130,92,155,91,;
1:97,130,92,155,91,;
1:97,130,92,155,91,;
1:97,130,92,155,91,;
1:97,130,92,155,91,;
1:97,130,92,155,91,;
1:97,130,92,155,91,;
1:97,130,92,155,91,;
1:97,130,92,155,91,;
1:97,130,92,155,91,;
1:97,130,92,155,91,;
0:84,157,87,149,87,;
0:157,87,149,87,104,;
0:87,149,87,104,97,;
0:87,104,97,156,97,;
0:104,97,156,97,106,;
1:156,97,106,78,102,;
1:156,97,106,78,102,;
1:156,97,106,78,102,;
1:156,97,106,78,102,;
1:156,97,106,78,102,;
1:156,97,106,78,102,;
1:156,97,106,78,102,;
1:156,97,106,78,102,;
1:156,97,106,78,102,;
1:156,97,106,78,102,;
1:156,97,106,78,102,;
1:156,97,106,78,102,;
1:156,97,106,78,102,;
1:156,97,106,78,102,;
1:156,97,106,78,102,;
1:156,97,106,78,102,;
1:156,97,106,78,102,;
1:156,97,106,78,102,;
1:156,97,106,78,102,;
1:156,97,106,78,102,;
0:130,124,128,140,125,;
0:128,140,125,134,121,;
0:140,125,134,121,130,;
0:125,134,121,130,127,;
0:134,121,130,127,120,;
0:121,130,127,120,124,;
0:130,127,120,124,124,;
0:120,124,124,0,130,;
0:124,124,0,130,129,;
0:124,0,130,129,129,;
0:130,129,129,124,136,;
0:129,129,124,136,121,;
0:129,124,136,121,122,;
0:124,136,121,122,127,;
0:136,121,122,127,133,;
0:122,127,133,124,127,;
0:127,133,124,127,120,;
0:133,124,127,120,121,;
0:124,127,120,121,125,;
0:115,139,105,143,105,;
0:139,105,143,105,152,;
0:105,143,105,152,102,;
0:139,105,134,124,134,;
0:105,134,124,134,124,;
1:134,124,134,108,139,;
1:134,124,134,108,139,;
1:134,124,134,108,139,;
1:134,124,134,108,139,;
1:134,124,134,108,139,;
1:134,124,134,108,139,;
1:134,124,134,108,139,;
1:134,124,134,108,139,;
1:134,124,134,108,139,;
1:134,124,134,108,139,;
1:134,124,134,108,139,;
1:134,124,134,108,139,;
1:134,124,134,108,139,;
1:134,124,134,108,139,;
1:134,124,134,108,139,;
1:134,124,134,108,139,;
1:134,124,134,108,139,;
1:134,124,134,108,139,;
1:134,124,134,108,139,;
1:134,124,134,108,139,;
0:0,0,0,120,104,;
0:0,0,120,104,100,;
0:0,120,104,100,121,;
0:104,100,121,108,121,;
0:121,108,121,100,121,;
0:121,100,121,102,139,;
0:121,102,139,102,143,;
0:102,139,102,143,100,;
0:139,102,143,100,126,;
0:102,143,100,126,100,;
0:143,100,126,100,139,;
0:100,126,100,139,93,;
0:139,93,130,101,104,;
0:93,130,101,104,104,;
0:101,104,104,67,101,;
0:104,104,67,101,95,;
0:95,107,104,101,89,;
0:107,104,101,89,107,;
0:104,101,89,107,95,;
0:101,89,107,95,101,;
0:89,107,95,101,89,;
0:107,95,101,89,107,;
0:95,101,89,107,89,;
0:89,107,89,107,107,;
0:107,89,107,107,107,;
1:89,107,107,107,107,;
1:89,107,107,107,107,;
1:89,107,107,107,107,;
1:89,107,107,107,107,;
1:89,107,107,107,107,;
1:89,107,107,107,107,;
1:89,107,107,107,107,;
1:89,107,107,107,107,;
1:89,107,107,107,107,;
1:89,107,107,107,107,;
1:89,107,107,107,107,;
1:89,107,107,107,107,;
1:89,107,107,107,107,;
1:89,107,107,107,107,;
1:89,107,107,107,107,;
1:89,107,107,107,107,;
1:89,107,107,107,107,;
1:89,107,107,107,107,;
1:89,107,107,107,107,;
1:89,107,107,107,107,;
0:107,91,115,73,91,;
0:91,115,73,91,115,;
0:115,73,91,115,115,;
0:73,91,115,115,89,;
1:91,115,115,89,115,;
1:91,115,115,89,115,;
1:91,115,115,89,115,;
1:91,115,115,89,115,;
1:91,115,115,89,115,;
1:91,115,115,89,115,;
1:91,115,115,89,115,;
1:91,115,115,89,115,;
1:91,115,115,89,115,;
1:91,115,115,89,115,;
1:91,115,115,89,115,;
1:91,115,115,89,115,;
1:91,115,115,89,115,;
1:91,115,115,89,115,;
1:91,115,115,89,115,;
1:91,115,115,89,115,;
1:91,115,115,89,115,;
1:91,115,115,89,115,;
1:91,115,115,89,115,;
1:91,115,115,89,115,;
1:118,91,107,73,107,;
1:118,91,107,73,107,;
1:118,91,107,73,107,;
1:118,91,107,73,107,;
1:118,91,107,73,107,;
1:118,91,107,73,107,;
1:118,91,107,73,107,;
1:118,91,107,73,107,;
1:118,91,107,73,107,;
1:118,91,107,73,107,;
1:118,91,107,73,107,;
1:118,91,107,73,107,;
1:118,91,107,73,107,;
1:118,91,107,73,107,;
1:118,91,107,73,107,;
1:118,91,107,73,107,;
1:118,91,107,73,107,;
1:118,91,107,73,107,;
1:118,91,107,73,107,;
1:118,91,107,73,107,;
0:91,115,118,59,91,;
0:59,91,107,71,71,;
0:91,107,71,71,89,;
0:107,71,71,89,115,;
0:71,71,89,115,91,;
0:71,89,115,91,91,;
0:89,115,91,91,87,;
0:115,91,91,87,90,;
0:91,87,90,89,112,;
0:87,90,89,112,82,;
0:90,89,112,82,112,;
0:89,112,82,112,91,;
0:82,112,91,112,89,;
0:112,91,112,89,112,;
1:89,112,89,112,82,;
1:89,112,89,112,82,;
1:89,112,89,112,82,;
1:89,112,89,112,82,;
1:89,112,89,112,82,;
1:89,112,89,112,82,;
1:89,112,89,112,82,;
1:89,112,89,112,82,;
1:89,112,89,112,82,;
1:89,112,89,112,82,;
1:89,112,89,112,82,;
1:89,112,89,112,82,;
1:89,112,89,112,82,;
1:89,112,89,112,82,;
1:89,112,89,112,82,;
1:89,112,89,112,82,;
1:89,112,89,112,82,;
1:89,112,89,112,82,;
1:89,112,89,112,82,;
1:89,112,89,112,82,;
1:0,0,0,0,0,;
1:0,0,0,0,0,;
1:0,0,0,0,0,;
1:0,0,0,0,0,;
1:0,0,0,0,0,;
1:0,0,0,0,0,;
1:0,0,0,0,0,;
1:0,0,0,0,0,;
1:0,0,0,0,0,;
1:0,0,0,0,0,;
1:0,0,0,0,0,;
1:0,0,0,0,0,;
1:0,0,0,0,0,;
1:0,0,0,0,0,;
1:0,0,0,0,0,;
1:0,0,0,0,0,;
1:0,0,0,0,0,;
1:0,0,0,0,0,;
1:0,0,0,0,0,;
1:0,0,0,0,0,;
0:128,128,119,111,136,;
0:128,119,111,136,170,;
0:111,136,170,170,170,;
0:136,170,170,170,153,;
1:170,170,170,153,145,;
1:170,170,170,153,145,;
1:170,170,170,153,145,;
1:170,170,170,153,145,;
1:170,170,170,153,145,;
1:170,170,170,153,145,;
1:170,170,170,153,145,;
1:170,170,170,153,145,;
1:170,170,170,153,145,;
1:170,170,170,153,145,;
1:170,170,170,153,145,;
1:170,170,170,153,145,;
1:170,170,170,153,145,;
1:170,170,170,153,145,;
1:170,170,170,153,145,;
1:170,170,170,153,145,;
1:170,170,170,153,145,;
1:170,170,170,153,145,;
1:170,170,170,153,145,;
1:170,170,170,153,145,;
0:145,119,136,136,136,;
0:119,136,136,136,162,;
1:136,136,136,162,145,;
1:136,136,136,162,145,;
1:136,136,136,162,145,;
1:136,136,136,162,145,;
1:136,136,136,162,145,;
1:136,136,136,162,145,;
1:136,136,136,162,145,;
1:136,136,136,162,145,;
1:136,136,136,162,145,;
1:136,136,136,162,145,;
1:136,136,136,162,145,;
1:136,136,136,162,145,;
1:136,136,136,162,145,;
1:136,136,136,162,145,;
1:136,136,136,162,145,;
1:136,136,136,162,145,;
1:136,136,136,162,145,;
1:136,136,136,162,145,;
1:136,136,136,162,145,;
1:136,136,136,162,145,;
0:0,0,200,180,190,;
0:0,200,180,190,190,;
0:200,200,200,210,200,;
0:200,200,210,200,200,;
0:200,210,200,200,188,;
0:210,200,200,188,203,;
0:200,200,188,203,176,;
0:200,188,203,176,194,;
0:188,203,176,194,213,;
0:203,176,194,213,131,;
0:176,194,213,131,139,;
0:194,213,131,139,156,;
0:131,139,156,174,211,;
0:139,156,174,211,188,;
1:156,174,211,188,170,;
1:156,174,211,188,170,;
1:156,174,211,188,170,;
1:156,174,211,188,170,;
1:156,174,211,188,170,;
1:156,174,211,188,170,;
1:156,174,211,188,170,;
1:156,174,211,188,170,;
1:156,174,211,188,170,;
1:156,174,211,188,170,;
1:156,174,211,188,170,;
1:156,174,211,188,170,;
1:156,174,211,188,170,;
1:156,174,211,188,170,;
1:156,174,211,188,170,;
1:156,174,211,188,170,;
1:156,174,211,188,170,;
1:156,174,211,188,170,;
1:156,174,211,188,170,;
1:156,174,211,188,170,;
0:203,158,161,160,187,;
1:158,161,160,187,180,;
1:158,161,160,187,180,;
1:158,161,160,187,180,;
1:158,161,160,187,180,;
1:158,161,160,187,180,;
1:158,161,160,187,180,;
1:158,161,160,187,180,;
1:158,161,160,187,180,;
1:158,161,160,187,180,;
1:158,161,160,187,180,;
1:158,161,160,187,180,;
1:158,161,160,187,180,;
1:158,161,160,187,180,;
1:158,161,160,187,180,;
1:158,161,160,187,180,;
1:158,161,160,187,180,;
1:158,161,160,187,180,;
1:158,161,160,187,180,;
1:158,161,160,187,180,;
1:158,161,160,187,180,;
0:0,198,218,227,216,;
0:198,218,227,216,196,;
0:218,227,216,196,212,;
0:227,216,196,212,203,;
0:216,196,212,203,227,;
0:196,212,203,227,204,;
0:212,203,227,204,213,;
0:227,204,213,221,197,;
0:204,213,221,197,189,;
0:213,221,197,189,220,;
0:221,197,189,220,225,;
0:189,220,225,208,207,;
0:225,208,207,207,223,;
0:208,207,207,223,217,;
0:197,211,201,176,131,;
0:211,201,176,131,197,;
0:201,176,131,197,188,;
0:176,131,197,188,163,;
0:188,165,156,217,189,;
0:165,156,217,189,220,;
0:156,217,189,220,179,;
0:220,179,212,204,189,;
0:179,212,204,189,200,;
0:212,204,189,200,196,;
0:204,189,200,196,185,;
1:189,200,196,185,154,;
1:189,200,196,185,154,;
1:189,200,196,185,154,;
1:189,200,196,185,154,;
1:189,200,196,185,154,;
1:189,200,196,185,154,;
1:189,200,196,185,154,;
1:189,200,196,185,154,;
1:189,200,196,185,154,;
1:189,200,196,185,154,;
1:189,200,196,185,154,;
1:189,200,196,185,154,;
1:189,200,196,185,154,;
1:189,200,196,185,154,;
1:189,200,196,185,154,;
1:189,200,196,185,154,;
1:189,200,196,185,154,;
1:189,200,196,185,154,;
1:189,200,196,185,154,;
1:189,200,196,185,154,;
0:209,210,177,213,219,;
1:210,177,213,219,209,;
1:210,177,213,219,209,;
1:210,177,213,219,209,;
1:210,177,213,219,209,;
1:210,177,213,219,209,;
1:210,177,213,219,209,;
1:210,177,213,219,209,;
1:210,177,213,219,209,;
1:210,177,213,219,209,;
1:210,177,213,219,209,;
1:210,177,213,219,209,;
1:210,177,213,219,209,;
1:210,177,213,219,209,;
1:210,177,213,219,209,;
1:210,177,213,219,209,;
1:210,177,213,219,209,;
1:210,177,213,219,209,;
1:210,177,213,219,209,;
1:210,177,213,219,209,;
1:210,177,213,219,209,;
0:209,196,172,188,219,;
0:196,172,188,219,219,;
0:188,219,219,219,219,;
0:219,219,219,219,219,;
0:219,219,219,219,219,;
0:219,219,219,219,219,;
0:219,213,199,203,156,;
0:213,199,203,156,208,;
0:199,203,156,208,184,;
0:203,156,208,184,195,;
0:156,208,184,195,205,;
0:184,195,205,182,144,;
0:195,205,182,144,190,;
0:182,144,190,203,187,;
0:144,190,203,187,163,;
0:190,203,187,163,207,;
0:203,187,163,207,206,;
0:187,163,207,206,207,;
0:163,207,206,207,194,;
0:207,206,207,194,163,;
0:206,207,194,163,126,;
0:207,194,163,126,200,;
0:163,126,200,205,205,;
0:126,200,205,205,174,;
0:200,205,205,174,205,;
0:205,205,174,205,184,;
0:205,174,205,184,224,;
0:174,205,184,224,196,;
0:184,224,196,217,196,;
0:224,196,217,196,217,;
0:196,217,196,217,217,;
0:217,196,217,217,220,;
0:196,217,217,220,196,;
0:217,220,196,181,171,;
0:220,196,181,171,200,;
0:196,181,171,200,191,;
0:181,171,200,191,201,;
0:191,201,187,176,180,;
0:187,176,180,176,176,;
0:176,180,176,176,200,;
0:180,176,176,200,196,;
0:176,176,200,196,166,;
1:176,200,196,166,200,;
1:176,200,196,166,200,;
1:176,200,196,166,200,;
1:176,200,196,166,200,;
1:176,200,196,166,200,;
1:176,200,196,166,200,;
1:176,200,196,166,200,;
1:176,200,196,166,200,;
1:176,200,196,166,200,;
1:176,200,196,166,200,;
1:176,200,196,166,200,;
1:176,200,196,166,200,;
1:176,200,196,166,200,;
1:176,200,196,166,200,;
1:176,200,196,166,200,;
1:176,200,196,166,200,;
1:176,200,196,166,200,;
1:176,200,196,166,200,;
1:176,200,196,166,200,;
1:176,200,196,166,200,;
0:200,225,213,204,200,;
0:225,213,204,200,199,;
0:200,199,224,231,210,;
0:199,224,231,210,210,;
0:224,231,210,210,176,;
0:231,210,210,176,187,;
0:210,210,176,187,225,;
0:210,176,187,225,221,;
0:167,201,206,190,224,;
0:201,206,190,224,227,;
0:206,190,224,227,203,;
0:224,227,203,153,199,;
0:227,203,153,199,217,;
0:153,199,217,234,217,;
0:199,217,234,217,234,;
0:217,234,217,234,211,;
0:234,217,234,211,208,;
0:217,234,211,208,230,;
0:234,211,208,230,201,;
0:211,208,230,201,152,;
0:201,152,221,210,200,;
0:221,210,200,210,200,;
0:210,200,210,200,210,;
0:200,210,200,210,249,;
0:210,200,210,249,199,;
0:200,210,249,199,237,;
0:0,106,107,107,122,;
0:106,107,107,122,110,;
0:107,107,122,110,96,;
0:107,122,110,96,94,;
0:122,110,96,94,108,;
0:96,94,108,86,85,;
0:94,108,86,85,96,;
0:108,86,85,96,107,;
0:86,85,96,107,94,;
0:85,96,107,94,126,;
0:96,107,94,126,114,;
0:107,94,126,114,97,;
0:94,126,114,97,174,;
0:126,114,97,174,103,;
0:114,97,174,103,113,;
0:97,174,103,113,121,;
0:103,113,121,106,107,;
0:121,106,107,0,97,;
0:106,107,0,97,109,;
0:97,109,89,107,90,;
0:89,107,90,105,110,;
0:107,90,105,110,112,;
0:90,105,110,112,109,;
0:105,110,112,109,110,;
0:110,112,109,110,100,;
0:112,109,110,100,102,;
0:109,110,100,102,106,;
0:110,100,102,106,111,;
0:100,102,106,111,110,;
0:97,91,91,94,94,;
0:91,94,94,82,94,;
0:94,94,82,94,97,;
0:94,82,94,97,91,;
0:82,94,97,91,84,;
0:97,91,84,91,94,;
0:91,84,91,94,91,;
0:91,94,91,93,89,;
1:94,91,93,89,86,;
1:94,91,93,89,86,;
1:94,91,93,89,86,;
1:94,91,93,89,86,;
1:94,91,93,89,86,;
1:94,91,93,89,86,;
1:94,91,93,89,86,;
1:94,91,93,89,86,;
1:94,91,93,89,86,;
1:94,91,93,89,86,;
1:94,91,93,89,86,;
1:94,91,93,89,86,;
1:94,91,93,89,86,;
1:94,91,93,89,86,;
1:94,91,93,89,86,;
1:94,91,93,89,86,;
1:94,91,93,89,86,;
1:94,91,93,89,86,;
1:94,91,93,89,86,;
1:94,91,93,89,86,;
0:86,76,83,86,86,;
0:86,86,86,89,93,;
0:86,89,93,93,93,;
0:89,93,93,93,93,;
0:93,93,93,93,86,;
0:93,93,93,86,93,;
1:93,93,86,93,86,;
1:93,93,86,93,86,;
1:93,93,86,93,86,;
1:93,93,86,93,86,;
1:93,93,86,93,86,;
1:93,93,86,93,86,;
1:93,93,86,93,86,;
1:93,93,86,93,86,;
1:93,93,86,93,86,;
1:93,93,86,93,86,;
1:93,93,86,93,86,;
1:93,93,86,93,86,;
1:93,93,86,93,86,;
1:93,93,86,93,86,;
1:93,93,86,93,86,;
1:93,93,86,93,86,;
1:93,93,86,93,86,;
1:93,93,86,93,86,;
1:93,93,86,93,86,;
1:93,93,86,93,86,;
0:79,89,89,96,96,;
0:89,89,96,96,89,;
0:89,96,96,89,86,;
0:96,89,86,93,96,;
0:93,96,88,88,85,;
0:96,88,88,85,91,;
0:88,88,85,91,88,;
0:88,85,91,88,88,;
0:91,88,88,91,91,;
0:88,88,91,91,91,;
0:88,91,91,91,94,;
0:91,91,91,94,94,;
1:91,94,94,81,85,;
1:91,94,94,81,85,;
1:91,94,94,81,85,;
1:91,94,94,81,85,;
1:91,94,94,81,85,;
1:91,94,94,81,85,;
1:91,94,94,81,85,;
1:91,94,94,81,85,;
1:91,94,94,81,85,;
1:91,94,94,81,85,;
1:91,94,94,81,85,;
1:91,94,94,81,85,;
1:91,94,94,81,85,;
1:91,94,94,81,85,;
1:91,94,94,81,85,;
1:91,94,94,81,85,;
1:91,94,94,81,85,;
1:91,94,94,81,85,;
1:91,94,94,81,85,;
1:91,94,94,81,85,;
0:85,88,98,88,88,;
0:88,98,88,88,98,;
0:98,88,88,98,91,;
0:88,88,98,91,72,;
0:98,91,72,87,88,;
0:72,87,88,91,91,;
0:88,91,91,88,85,;
0:91,91,88,85,89,;
0:91,88,85,89,77,;
0:88,85,89,77,93,;
0:85,89,77,93,99,;
0:89,77,93,99,87,;
1:77,93,99,87,81,;
1:77,93,99,87,81,;
1:77,93,99,87,81,;
1:77,93,99,87,81,;
1:77,93,99,87,81,;
1:77,93,99,87,81,;
1:77,93,99,87,81,;
1:77,93,99,87,81,;
1:77,93,99,87,81,;
1:77,93,99,87,81,;
1:77,93,99,87,81,;
1:77,93,99,87,81,;
1:77,93,99,87,81,;
1:77,93,99,87,81,;
1:77,93,99,87,81,;
1:77,93,99,87,81,;
1:77,93,99,87,81,;
1:77,93,99,87,81,;
1:77,93,99,87,81,;
1:77,93,99,87,81,;
0:81,87,86,87,90,;
0:87,86,87,90,81,;
0:87,90,81,96,84,;
0:81,96,84,74,74,;
0:96,84,74,74,74,;
0:84,74,74,74,96,;
0:74,74,74,96,79,;
0:74,74,96,79,91,;
0:74,96,79,91,90,;
0:96,79,91,90,87,;
0:79,91,90,87,84,;
0:91,90,87,84,88,;
0:90,87,84,88,81,;
0:87,84,88,81,87,;
0:88,81,87,86,89,;
0:81,87,86,89,81,;
0:89,81,90,81,81,;
0:81,90,81,81,87,;
0:81,81,87,90,93,;
0:81,87,90,93,82,;
1:87,90,93,82,124,;
1:87,90,93,82,124,;
1:87,90,93,82,124,;
1:87,90,93,82,124,;
1:87,90,93,82,124,;
1:87,90,93,82,124,;
1:87,90,93,82,124,;
1:87,90,93,82,124,;
1:87,90,93,82,124,;
1:87,90,93,82,124,;
1:87,90,93,82,124,;
1:87,90,93,82,124,;
1:87,90,93,82,124,;
1:87,90,93,82,124,;
1:87,90,93,82,124,;
1:87,90,93,82,124,;
1:87,90,93,82,124,;
1:87,90,93,82,124,;
1:87,90,93,82,124,;
1:87,90,93,82,124,;
0:100,105,102,93,76,;
0:105,102,93,76,91,;
0:93,76,91,93,96,;
0:91,93,96,90,89,;
0:93,96,90,89,96,;
0:96,90,89,96,99,;
0:90,89,96,99,90,;
0:89,96,99,90,103,;
1:96,99,90,103,90,;
1:96,99,90,103,90,;
1:96,99,90,103,90,;
1:96,99,90,103,90,;
1:96,99,90,103,90,;
1:96,99,90,103,90,;
1:96,99,90,103,90,;
1:96,99,90,103,90,;
1:96,99,90,103,90,;
1:96,99,90,103,90,;
1:96,99,90,103,90,;
1:96,99,90,103,90,;
1:96,99,90,103,90,;
1:96,99,90,103,90,;
1:96,99,90,103,90,;
1:96,99,90,103,90,;
1:96,99,90,103,90,;
1:96,99,90,103,90,;
1:96,99,90,103,90,;
1:96,99,90,103,90,;
0:88,88,86,85,85,;
0:88,86,85,85,94,;
0:85,85,94,95,87,;
1:94,95,87,94,0,;
1:94,95,87,94,0,;
1:94,95,87,94,0,;
1:94,95,87,94,0,;
1:94,95,87,94,0,;
1:94,95,87,94,0,;
1:94,95,87,94,0,;
1:94,95,87,94,0,;
1:94,95,87,94,0,;
1:94,95,87,94,0,;
1:94,95,87,94,0,;
1:94,95,87,94,0,;
1:94,95,87,94,0,;
1:94,95,87,94,0,;
1:94,95,87,94,0,;
1:94,95,87,94,0,;
1:94,95,87,94,0,;
1:94,95,87,94,0,;
1:94,95,87,94,0,;
1:94,95,87,94,0,;
0:160,88,80,90,75,;
0:88,80,90,75,99,;
0:80,90,75,99,93,;
0:90,75,99,93,85,;
0:75,99,93,85,92,;
0:99,93,85,92,92,;
0:93,85,92,92,95,;
0:85,92,92,95,99,;
0:92,92,95,99,102,;
0:92,95,99,102,96,;
0:96,92,110,92,94,;
0:92,110,92,94,92,;
0:110,92,94,92,90,;
0:92,94,92,90,98,;
1:94,92,90,98,95,;
1:94,92,90,98,95,;
1:94,92,90,98,95,;
1:94,92,90,98,95,;
1:94,92,90,98,95,;
1:94,92,90,98,95,;
1:94,92,90,98,95,;
1:94,92,90,98,95,;
1:94,92,90,98,95,;
1:94,92,90,98,95,;
1:94,92,90,98,95,;
1:94,92,90,98,95,;
1:94,92,90,98,95,;
1:94,92,90,98,95,;
1:94,92,90,98,95,;
1:94,92,90,98,95,;
1:94,92,90,98,95,;
1:94,92,90,98,95,;
1:94,92,90,98,95,;
1:94,92,90,98,95,;
0:112,89,76,94,76,;
0:89,76,94,76,101,;
0:76,101,100,97,94,;
0:101,100,97,94,91,;
0:100,97,94,91,100,;
0:97,94,91,100,94,;
0:94,91,100,94,94,;
0:94,94,91,98,91,;
0:91,98,91,92,100,;
0:91,92,100,93,101,;
0:92,100,93,101,94,;
0:93,101,94,91,95,;
0:101,94,91,95,99,;
0:91,95,99,98,101,;
0:95,99,98,101,91,;
0:99,98,101,91,94,;
0:98,101,91,94,93,;
1:157,157,137,140,134,;
1:157,157,137,140,134,;
1:157,157,137,140,134,;
1:157,157,137,140,134,;
1:157,157,137,140,134,;
1:157,157,137,140,134,;
1:157,157,137,140,134,;
1:157,157,137,140,134,;
1:157,157,137,140,134,;
1:157,157,137,140,134,;
1:157,157,137,140,134,;
1:157,157,137,140,134,;
1:157,157,137,140,134,;
1:157,157,137,140,134,;
1:157,157,137,140,134,;
1:157,157,137,140,134,;
1:157,157,137,140,134,;
1:157,157,137,140,134,;
1:157,157,137,140,134,;
1:157,157,137,140,134,;
1:143,141,156,153,139,;
1:143,141,156,153,139,;
1:143,141,156,153,139,;
1:143,141,156,153,139,;
1:143,141,156,153,139,;
1:143,141,156,153,139,;
1:143,141,156,153,139,;
1:143,141,156,153,139,;
1:143,141,156,153,139,;
1:143,141,156,153,139,;
1:143,141,156,153,139,;
1:143,141,156,153,139,;
1:143,141,156,153,139,;
1:143,141,156,153,139,;
1:143,141,156,153,139,;
1:143,141,156,153,139,;
1:143,141,156,153,139,;
1:143,141,156,153,139,;
1:143,141,156,153,139,;
1:143,141,156,153,139,;
1:113,113,106,0,0,;
1:113,113,106,0,0,;
1:113,113,106,0,0,;
1:113,113,106,0,0,;
1:113,113,106,0,0,;
1:113,113,106,0,0,;
1:113,113,106,0,0,;
1:113,113,106,0,0,;
1:113,113,106,0,0,;
1:113,113,106,0,0,;
1:113,113,106,0,0,;
1:113,113,106,0,0,;
1:113,113,106,0,0,;
1:113,113,106,0,0,;
1:113,113,106,0,0,;
1:113,113,106,0,0,;
1:113,113,106,0,0,;
1:113,113,106,0,0,;
1:113,113,106,0,0,;
1:113,113,106,0,0,;
0:129,123,136,123,136,;
0:136,123,136,137,131,;
0:136,137,131,139,130,;
0:139,130,134,135,134,;
0:135,134,131,136,126,;
0:134,131,136,126,129,;
0:126,129,119,112,112,;
0:129,119,112,112,122,;
0:119,112,112,122,135,;
0:112,112,122,135,137,;
0:112,122,135,137,129,;
0:122,135,137,129,132,;
0:135,137,129,132,137,;
0:137,129,132,137,135,;
0:132,137,135,143,124,;
0:137,135,143,124,106,;
0:135,143,124,106,132,;
0:143,124,106,132,127,;
0:124,106,132,127,124,;
0:132,127,124,0,0,;
1:127,124,0,0,114,;
1:127,124,0,0,114,;
1:127,124,0,0,114,;
1:127,124,0,0,114,;
1:127,124,0,0,114,;
1:127,124,0,0,114,;
1:127,124,0,0,114,;
1:127,124,0,0,114,;
1:127,124,0,0,114,;
1:127,124,0,0,114,;
1:127,124,0,0,114,;
1:127,124,0,0,114,;
1:127,124,0,0,114,;
1:127,124,0,0,114,;
1:127,124,0,0,114,;
1:127,124,0,0,114,;
1:127,124,0,0,114,;
1:127,124,0,0,114,;
1:127,124,0,0,114,;
1:127,124,0,0,114,;
0:104,113,118,96,114,;
0:113,118,96,114,116,;
0:118,96,114,116,121,;
0:96,114,116,121,115,;
1:114,116,121,115,113,;
1:114,116,121,115,113,;
1:114,116,121,115,113,;
1:114,116,121,115,113,;
1:114,116,121,115,113,;
1:114,116,121,115,113,;
1:114,116,121,115,113,;
1:114,116,121,115,113,;
1:114,116,121,115,113,;
1:114,116,121,115,113,;
1:114,116,121,115,113,;
1:114,116,121,115,113,;
1:114,116,121,115,113,;
1:114,116,121,115,113,;
1:114,116,121,115,113,;
1:114,116,121,115,113,;
1:114,116,121,115,113,;
1:114,116,121,115,113,;
1:114,116,121,115,113,;
1:114,116,121,115,113,;
0:123,122,106,87,86,;
0:122,106,87,86,123,;
0:87,86,123,110,106,;
0:86,123,110,106,105,;
0:123,110,106,105,108,;
1:110,106,105,108,110,;
1:110,106,105,108,110,;
1:110,106,105,108,110,;
1:110,106,105,108,110,;
1:110,106,105,108,110,;
1:110,106,105,108,110,;
1:110,106,105,108,110,;
1:110,106,105,108,110,;
1:110,106,105,108,110,;
1:110,106,105,108,110,;
1:110,106,105,108,110,;
1:110,106,105,108,110,;
1:110,106,105,108,110,;
1:110,106,105,108,110,;
1:110,106,105,108,110,;
1:110,106,105,108,110,;
1:110,106,105,108,110,;
1:110,106,105,108,110,;
1:110,106,105,108,110,;
1:110,106,105,108,110,;
0:103,99,96,109,110,;
0:99,96,109,110,91,;
0:96,109,110,91,112,;
0:109,110,91,112,108,;
0:110,91,112,108,117,;
0:91,112,108,117,119,;
0:117,119,106,128,113,;
0:106,128,113,124,100,;
0:128,113,124,100,106,;
0:113,124,100,106,104,;
0:122,122,106,86,86,;
0:122,106,86,86,136,;
0:86,86,136,109,108,;
0:136,109,108,128,111,;
0:174,155,155,155,168,;
1:155,155,168,188,188,;
1:155,155,168,188,188,;
1:155,155,168,188,188,;
1:155,155,168,188,188,;
1:155,155,168,188,188,;
1:155,155,168,188,188,;
1:155,155,168,188,188,;
1:155,155,168,188,188,;
1:155,155,168,188,188,;
1:155,155,168,188,188,;
1:155,155,168,188,188,;
1:155,155,168,188,188,;
1:155,155,168,188,188,;
1:155,155,168,188,188,;
1:155,155,168,188,188,;
1:155,155,168,188,188,;
1:155,155,168,188,188,;
1:155,155,168,188,188,;
1:155,155,168,188,188,;
1:155,155,168,188,188,;
0:144,173,173,159,195,;
0:76,70,76,80,88,;
0:0,0,0,0,0,;
0:0,0,0,0,0,;
0:0,0,0,0,0,;
0:0,0,0,0,0,;
0:0,0,0,0,92,;
0:0,0,0,92,83,;
0:0,0,92,83,83,;
0:83,83,77,83,85,;
0:83,77,83,85,91,;
0:77,83,85,91,80,;
0:85,91,80,0,0,;
0:91,80,0,0,0,;
0:80,0,0,0,0,;
0:0,0,0,0,0,;
0:145,145,145,145,145,;
0:145,145,145,145,145,;
0:145,145,145,145,145,;
0:145,145,145,145,145,;
0:145,145,145,145,145,;
0:145,145,145,145,0,;
0:145,145,145,0,143,;
0:145,145,0,143,148,;
0:145,0,143,148,152,;
0:0,143,148,152,148,;
0:143,148,152,148,148,;
0:152,148,148,148,148,;
0:148,148,148,148,148,;
0:135,106,108,132,128,;
0:132,128,119,135,116,;
0:128,119,135,116,111,;
0:119,135,116,111,135,;
0:135,116,111,135,123,;
0:116,111,135,123,111,;
0:123,111,130,116,123,;
0:111,130,116,123,135,;
0:116,123,135,115,116,;
0:123,135,115,116,107,;
0:135,115,116,107,123,;
0:115,116,107,123,115,;
0:116,107,123,115,121,;
0:107,123,115,121,116,;
0:121,116,111,139,131,;
0:116,111,139,131,119,;
0:139,131,119,116,115,;
0:131,119,116,115,135,;
0:119,116,115,135,111,;
0:116,115,135,111,123,;
0:115,135,111,123,119,;
0:135,111,123,119,125,;
0:111,123,119,125,126,;
0:119,125,126,119,139,;
0:125,126,119,139,116,;
0:139,116,119,125,119,;
0:116,119,125,119,119,;
0:119,125,119,119,135,;
0:125,119,119,135,126,;
0:119,119,135,126,115,;
0:119,135,126,115,139,;
0:139,126,126,135,126,;
0:126,135,126,130,130,;
0:135,126,130,130,130,;
0:126,130,130,130,125,;
0:130,130,130,125,0,;
0:130,130,125,0,0,;
0:130,125,0,0,0,;
0:125,0,0,0,108,;
0:0,0,0,108,135,;
0:0,0,108,135,135,;
0:108,135,135,135,133,;
0:135,135,133,108,135,;
0:135,133,108,135,140,;
0:133,108,135,140,130,;
0:108,135,140,130,135,;
0:135,140,130,135,119,;
0:130,135,119,111,132,;
0:135,119,111,132,119,;
0:119,111,132,119,119,;
0:111,132,119,119,135,;
0:119,119,135,102,115,;
0:119,135,102,115,125,;
0:135,102,115,125,130,;
0:102,115,125,130,115,;
0:115,125,130,115,121,;
0:130,115,121,130,119,;
0:115,121,130,119,130,;
0:121,130,119,130,130,;
0:119,130,130,126,111,;
0:130,126,111,125,119,;
0:125,119,138,125,135,;
0:138,125,135,111,135,;
0:111,135,126,119,125,;
0:135,126,119,125,113,;
0:126,119,125,113,111,;
0:125,113,111,111,111,;
0:113,111,111,111,119,;
0:111,111,111,119,139,;
0:111,111,119,139,116,;
0:119,135,125,125,126,;
0:125,125,126,119,144,;
0:125,126,119,144,109,;
0:144,109,115,129,135,;
0:115,129,135,119,149,;
0:129,135,119,149,123,;
0:149,123,110,129,128,;
0:123,110,129,128,111,;
0:110,129,128,111,129,;
0:129,128,111,129,117,;
0:111,129,117,123,111,;
0:129,117,123,111,138,;
0:117,123,111,138,128,;
0:123,111,138,128,129,;
0:111,138,128,129,113,;
0:138,128,129,113,115,;
0:128,129,113,115,135,;
0:129,113,115,135,111,;
0:113,115,135,111,128,;
0:115,135,111,128,110,;
0:135,111,128,110,115,;
0:111,128,110,115,129,;
0:128,110,115,129,115,;
0:110,115,129,115,124,;
0:115,129,115,124,129,;
0:129,115,124,129,129,;
0:115,124,129,129,135,;
0:124,129,129,135,126,;
0:129,129,135,126,131,;
0:129,135,126,131,111,;
0:135,126,131,111,129,;
0:111,129,111,129,115,;
0:129,111,129,115,1295,;
0:111,129,115,1295,134,;
0:129,115,1295,134,124,;
0:115,1295,134,124,135,;
0:134,124,135,111,126,;
0:124,135,111,126,115,;
0:111,126,115,128,124,;
0:126,115,128,124,130,;
0:115,128,124,130,134,;
0:124,130,134,138,129,;
0:130,134,138,129,144,;
0:138,129,144,111,129,;
0:129,144,111,129,148,;
0:144,111,129,148,111,;
0:111,129,148,111,129,;
0:129,148,111,129,142,;
0:111,129,142,115,129,;
0:129,142,115,129,111,;
0:142,115,129,111,148,;
0:115,129,111,148,129,;
0:129,111,148,129,135,;
0:111,148,129,135,111,;
0:148,129,135,111,131,;
0:129,135,111,131,126,;
0:135,111,131,126,111,;
0:111,131,126,111,111,;
0:131,126,111,111,148,;
0:111,148,133,133,148,;
0:148,133,133,148,111,;
0:133,148,111,132,142,;
0:148,111,132,142,111,;
0:111,111,138,148,135,;
0:111,138,148,135,135,;
0:138,148,135,135,97,;
0:148,135,135,97,97,;
0:135,135,97,97,140,;
0:135,97,97,140,129,;
0:97,97,140,129,148,;
0:140,129,148,124,97,;
0:148,124,97,124,140,;
0:124,97,124,140,111,;
0:124,140,111,104,152,;
0:140,111,104,152,124,;
0:111,104,152,124,124,;
0:104,152,124,124,140,;
0:124,140,104,124,140,;
0:104,124,140,111,124,;
0:124,140,111,124,111,;
0:140,111,124,111,133,;
0:124,111,133,111,140,;
0:133,111,140,124,124,;
0:111,140,124,124,140,;
0:124,124,140,130,124,;
0:140,130,124,133,111,;
0:130,124,133,111,132,;
0:133,111,132,140,119,;
0:111,132,140,119,124,;
0:132,140,119,124,140,;
0:140,119,124,140,115,;
0:124,140,115,124,137,;
0:140,115,124,137,115,;
0:115,124,137,115,124,;
0:137,115,124,140,119,;
0:115,124,140,119,128,;
0:124,140,119,128,133,;
0:140,119,128,133,119,;
1:128,133,119,111,148,;
1:128,133,119,111,148,;
1:128,133,119,111,148,;
1:128,133,119,111,148,;
1:128,133,119,111,148,;
1:128,133,119,111,148,;
1:128,133,119,111,148,;
1:128,133,119,111,148,;
1:128,133,119,111,148,;
1:128,133,119,111,148,;
1:128,133,119,111,148,;
1:128,133,119,111,148,;
1:128,133,119,111,148,;
1:128,133,119,111,148,;
1:128,133,119,111,148,;
1:128,133,119,111,148,;
1:128,133,119,111,148,;
1:128,133,119,111,148,;
1:128,133,119,111,148,;
1:128,133,119,111,148,;
0:148,130,102,133,111,;
0:102,133,111,111,104,;
0:133,111,111,104,140,;
0:111,111,104,140,98,;
0:104,140,98,133,100,;
0:140,98,133,100,124,;
0:100,124,98,133,148,;
0:133,148,100,124,124,;
0:100,124,124,133,133,;
0:124,133,133,124,93,;
0:133,124,93,93,93,;
0:93,93,93,93,93,;
0:93,93,93,93,93,;
0:93,93,93,93,93,;
0:93,93,93,93,93,;
0:93,93,93,93,119,;
0:93,93,93,119,133,;
0:93,119,133,104,118,;
0:133,104,118,126,128,;
0:104,118,126,128,126,;
0:118,126,128,126,126,;
0:126,128,126,126,137,;
0:128,126,126,137,113,;
0:126,137,113,111,140,;
0:137,113,111,140,121,;
0:113,111,140,121,126,;
0:133,117,129,126,117,;
0:117,129,126,117,137,;
0:129,126,117,137,130,;
0:126,117,137,130,119,;
0:130,119,124,133,124,;
0:119,124,133,124,144,;
0:124,133,124,144,130,;
0:133,124,144,130,137,;
0:124,144,130,137,126,;
0:144,130,137,126,124,;
0:126,124,124,126,126,;
0:124,124,126,126,117,;
0:126,126,117,122,126,;
0:126,117,122,126,113,;
0:117,122,126,113,113,;
0:122,126,113,113,148,;
0:126,113,113,148,126,;
0:113,113,148,126,117,;
0:113,148,126,117,133,;
0:148,126,117,133,123,;
0:133,123,117,140,138,;
0:140,138,130,122,117,;
0:138,130,122,117,117,;
0:130,122,117,117,144,;
0:122,117,117,144,123,;
0:117,117,144,123,134,;
0:117,144,123,134,144,;
0:123,134,144,144,117,;
0:144,117,117,144,97,;
0:117,117,144,97,107,;
0:117,144,97,107,137,;
0:144,97,107,137,97,;
0:97,107,137,97,109,;
0:137,97,109,129,97,;
0:97,109,129,97,109,;
0:129,97,109,144,97,;
0:109,144,97,111,155,;
0:144,97,111,155,105,;
0:111,155,105,96,155,;
0:155,105,96,155,108,;
0:105,96,155,108,148,;
0:96,155,108,148,111,;
0:108,148,111,117,113,;
0:117,113,117,159,148,;
0:113,117,159,148,134,;
0:117,159,148,134,117,;
0:159,148,134,117,117,;
0:134,117,117,148,134,;
0:117,117,148,134,125,;
0:117,148,134,125,148,;
0:148,134,125,148,119,;
0:134,125,148,119,117,;
0:125,148,119,117,152,;
0:148,119,117,152,119,;
0:119,117,152,119,117,;
0:117,152,119,117,152,;
0:119,117,152,119,117,;
0:117,152,119,117,152,;
0:152,119,117,152,119,;
0:119,117,152,119,113,;
0:117,152,119,113,129,;
0:152,119,113,129,119,;
0:119,113,129,119,124,;
0:113,129,119,124,140,;
0:129,119,124,140,126,;
0:140,126,117,117,140,;
0:126,117,117,140,126,;
0:117,140,126,125,148,;
0:126,125,148,113,133,;
0:148,113,133,140,119,;
0:113,133,140,119,117,;
0:133,140,119,117,148,;
0:140,119,117,148,138,;
0:117,148,138,148,119,;
0:148,138,148,119,125,;
0:138,148,119,125,124,;
0:148,119,125,124,148,;
0:119,125,124,148,130,;
0:125,124,148,130,115,;
0:124,148,130,115,140,;
0:148,130,115,140,109,;
0:130,115,140,109,113,;
0:115,140,109,113,158,;
0:113,158,111,72,154,;
0:158,111,72,154,115,;
0:111,72,154,115,109,;
0:72,154,115,109,148,;
0:154,115,109,148,115,;
0:115,109,148,115,121,;
0:109,148,115,121,144,;
0:148,115,121,144,119,;
0:115,121,144,119,117,;
0:121,144,119,117,144,;
0:144,119,117,144,119,;
0:119,117,144,119,117,;
0:117,144,119,117,148,;
0:144,119,117,148,119,;
0:119,117,148,119,117,;
0:113,143,143,143,93,;
0:143,143,93,117,146,;
1:143,93,117,146,146,;
1:143,93,117,146,146,;
1:143,93,117,146,146,;
1:143,93,117,146,146,;
1:143,93,117,146,146,;
1:143,93,117,146,146,;
1:143,93,117,146,146,;
1:143,93,117,146,146,;
1:143,93,117,146,146,;
1:143,93,117,146,146,;
1:143,93,117,146,146,;
1:143,93,117,146,146,;
1:143,93,117,146,146,;
1:143,93,117,146,146,;
1:143,93,117,146,146,;
1:143,93,117,146,146,;
1:143,93,117,146,146,;
1:143,93,117,146,146,;
1:143,93,117,146,146,;
1:143,93,117,146,146,;
0:121,117,146,119,109,;
0:117,146,119,109,154,;
0:146,119,109,154,124,;
0:109,154,124,124,119,;
0:154,124,124,119,113,;
0:119,113,154,119,148,;
0:113,154,119,148,119,;
0:154,119,148,119,113,;
0:119,148,119,113,111,;
0:148,119,113,111,141,;
0:111,141,119,111,161,;
0:141,119,111,161,161,;
0:111,161,161,116,111,;
0:161,161,116,111,114,;
0:116,111,114,146,113,;
0:111,114,146,113,114,;
0:146,113,114,154,108,;
0:113,114,154,108,114,;
0:114,154,108,114,154,;
0:114,154,119,114,154,;
0:119,114,154,123,114,;
0:154,123,114,154,119,;
0:114,154,119,114,146,;
0:154,119,114,146,108,;
0:119,114,146,108,114,;
0:114,146,108,114,146,;
0:108,114,146,119,114,;
0:114,146,119,114,161,;
0:146,119,114,161,115,;
0:119,114,161,115,114,;
0:114,161,115,114,154,;
0:114,154,154,111,146,;
0:154,111,146,162,107,;
0:107,146,169,124,124,;
0:146,169,124,124,124,;
0:169,124,124,124,123,;
0:124,124,123,123,186,;
0:124,123,123,186,193,;
0:123,123,186,193,119,;
0:123,186,193,119,186,;
0:193,119,186,193,119,;
0:119,186,193,119,119,;
0:119,119,166,185,185,;
0:119,166,185,185,94,;
0:185,94,166,193,97,;
0:94,166,193,97,138,;
0:193,97,138,193,130,;
0:193,130,107,198,111,;
0:130,107,198,111,122,;
0:107,198,111,122,198,;
0:198,111,122,198,109,;
0:122,122,189,109,122,;
0:122,189,109,122,181,;
0:189,109,122,181,109,;
0:109,122,181,109,117,;
0:122,181,109,117,121,;
0:181,109,117,121,111,;
0:109,117,121,111,149,;
0:117,121,111,149,56,;
0:121,111,149,56,135,;
0:111,149,56,135,111,;
0:149,56,135,111,111,;
0:135,111,111,111,117,;
0:111,111,111,117,119,;
0:117,119,111,80,173,;
0:111,80,173,111,173,;
1:80,173,111,173,108,;
1:80,173,111,173,108,;
1:80,173,111,173,108,;
1:80,173,111,173,108,;
1:80,173,111,173,108,;
1:80,173,111,173,108,;
1:80,173,111,173,108,;
1:80,173,111,173,108,;
1:80,173,111,173,108,;
1:80,173,111,173,108,;
1:80,173,111,173,108,;
1:80,173,111,173,108,;
1:80,173,111,173,108,;
1:80,173,111,173,108,;
1:80,173,111,173,108,;
1:80,173,111,173,108,;
1:80,173,111,173,108,;
1:80,173,111,173,108,;
1:80,173,111,173,108,;
1:80,173,111,173,108,;
0:84,153,108,108,83,;
0:153,108,108,83,173,;
0:108,108,83,173,108,;
0:108,83,173,108,109,;
0:173,108,109,186,108,;
0:108,117,117,148,105,;
0:117,148,105,198,108,;
0:148,105,198,108,118,;
0:105,198,108,118,160,;
0:198,108,118,160,111,;
0:108,118,160,111,118,;
0:118,160,111,118,160,;
0:111,118,160,111,121,;
0:118,160,111,121,111,;
0:121,111,149,111,133,;
0:133,149,111,118,143,;
0:149,111,118,143,109,;
0:111,118,143,109,128,;
0:109,128,123,119,124,;
0:128,123,119,124,135,;
0:123,119,124,135,119,;
0:119,124,135,119,160,;
0:135,119,160,130,115,;
0:160,130,115,165,115,;
0:115,165,115,121,113,;
0:121,113,165,111,117,;
0:113,165,111,117,169,;
0:117,169,100,121,165,;
1:121,165,98,121,203,;
1:121,165,98,121,203,;
1:121,165,98,121,203,;
1:121,165,98,121,203,;
1:121,165,98,121,203,;
1:121,165,98,121,203,;
1:121,165,98,121,203,;
1:121,165,98,121,203,;
1:121,165,98,121,203,;
1:121,165,98,121,203,;
1:121,165,98,121,203,;
1:121,165,98,121,203,;
1:121,165,98,121,203,;
1:121,165,98,121,203,;
1:121,165,98,121,203,;
1:121,165,98,121,203,;
1:121,165,98,121,203,;
1:121,165,98,121,203,;
1:121,165,98,121,203,;
1:121,165,98,121,203,;
0:118,118,56,130,56,;
0:118,56,130,56,147,;
0:130,56,147,56,118,;
0:147,56,118,56,136,;
0:56,118,56,136,56,;
0:118,56,136,56,136,;
0:56,136,56,136,56,;
0:136,56,136,56,136,;
0:136,56,136,56,0,;
0:56,136,56,0,0,;
0:0,0,0,0,130,;
0:0,0,0,130,60,;
1:0,0,130,60,130,;
1:0,0,130,60,130,;
1:0,0,130,60,130,;
1:0,0,130,60,130,;
1:0,0,130,60,130,;
1:0,0,130,60,130,;
1:0,0,130,60,130,;
1:0,0,130,60,130,;
1:0,0,130,60,130,;
1:0,0,130,60,130,;
1:0,0,130,60,130,;
1:0,0,130,60,130,;
1:0,0,130,60,130,;
1:0,0,130,60,130,;
1:0,0,130,60,130,;
1:0,0,130,60,130,;
1:0,0,130,60,130,;
1:0,0,130,60,130,;
1:0,0,130,60,130,;
1:0,0,130,60,130,;
0:136,60,130,60,124,;
0:130,60,124,60,130,;
0:124,60,130,60,136,;
0:118,60,112,60,118,;
0:60,118,60,136,60,;
0:118,60,136,60,124,;
0:60,136,60,124,60,;
0:136,60,124,60,136,;
0:60,124,60,136,60,;
0:124,60,136,60,124,;
0:136,60,124,60,124,;
0:60,124,60,124,60,;
0:124,60,124,60,118,;
0:60,124,60,118,60,;
0:124,60,118,60,118,;
0:60,118,60,118,60,;
0:118,60,118,60,127,;
0:60,127,60,114,60,;
0:127,60,114,60,114,;
0:60,114,60,120,60,;
0:114,60,120,60,120,;
0:60,120,60,120,60,;
0:60,120,60,115,60,;
0:60,115,60,115,60,;
0:60,115,60,115,60,;
0:115,60,115,60,115,;
0:60,115,60,115,60,;
0:115,60,121,60,109,;
0:60,121,60,109,60,;
0:121,60,109,60,104,;
0:60,109,60,104,60,;
0:109,60,104,60,132,;
0:60,104,60,132,90,;
0:60,132,90,132,90,;
0:132,90,132,90,137,;
0:132,90,137,80,121,;
0:90,137,80,121,90,;
0:137,80,121,90,132,;
0:80,121,90,132,80,;
0:90,132,80,127,80,;
0:132,80,127,80,121,;
0:127,80,121,80,121,;
0:80,121,80,121,80,;
0:121,80,121,80,132,;
0:80,121,80,132,132,;
0:80,132,132,132,132,;
0:132,132,132,132,132,;
0:132,132,132,132,115,;
0:132,132,132,115,130,;
0:132,132,115,130,137,;
0:115,130,137,130,120,;
0:130,137,130,120,130,;
0:137,130,120,130,126,;
0:130,120,130,126,130,;
0:120,130,126,130,120,;
0:130,126,130,120,130,;
0:126,130,120,130,114,;
0:130,120,130,114,110,;
0:119,136,131,120,147,;
0:131,120,147,147,144,;
0:147,144,136,131,147,;
0:136,131,147,157,157,;
0:131,147,157,157,131,;
0:147,157,157,131,133,;
0:157,157,131,133,133,;
1:157,131,133,133,133,;
1:157,131,133,133,133,;
1:157,131,133,133,133,;
1:157,131,133,133,133,;
1:157,131,133,133,133,;
1:157,131,133,133,133,;
1:157,131,133,133,133,;
1:157,131,133,133,133,;
1:157,131,133,133,133,;
1:157,131,133,133,133,;
1:157,131,133,133,133,;
1:157,131,133,133,133,;
1:157,131,133,133,133,;
1:157,131,133,133,133,;
1:157,131,133,133,133,;
1:157,131,133,133,133,;
1:157,131,133,133,133,;
1:157,131,133,133,133,;
1:157,131,133,133,133,;
1:157,131,133,133,133,;
0:0,0,0,143,133,;
0:0,143,133,138,143,;
0:143,133,138,143,143,;
0:133,138,143,143,143,;
0:138,143,143,143,143,;
0:143,143,143,143,143,;
0:143,143,143,143,143,;
0:143,143,143,119,157,;
0:143,143,119,157,143,;
0:143,119,157,143,143,;
0:143,143,129,143,138,;
0:143,129,143,138,143,;
0:143,138,143,129,138,;
0:138,143,129,138,143,;
0:143,129,138,143,148,;
0:129,138,143,148,133,;
0:143,148,133,133,143,;
0:148,133,133,143,141,;
0:133,133,143,141,136,;
0:133,143,141,136,136,;
0:143,141,136,136,136,;
0:141,136,136,136,132,;
0:136,132,117,122,141,;
0:132,117,122,141,117,;
0:117,122,141,117,136,;
0:117,136,132,117,122,;
0:136,132,117,122,122,;
0:132,117,122,122,132,;
0:117,122,122,132,117,;
0:122,132,117,127,127,;
0:117,127,127,141,122,;
0:127,127,141,122,122,;
0:127,141,122,122,132,;
0:141,122,122,132,132,;
0:122,122,132,132,141,;
0:132,132,141,131,131,;
0:132,141,131,131,132,;
0:141,131,131,132,117,;
0:117,117,117,132,122,;
0:117,132,122,117,117,;
0:132,122,117,117,117,;
0:122,117,117,117,127,;
0:117,117,127,127,122,;
0:127,127,122,136,146,;
0:127,122,136,146,117,;
0:136,146,117,113,117,;
0:146,117,113,117,117,;
0:117,113,117,117,117,;
0:98,90,83,116,91,;
0:90,83,116,91,122,;
0:83,116,91,122,118,;
0:116,91,122,118,107,;
0:91,122,118,107,142,;
0:122,118,107,142,123,;
0:118,107,142,123,110,;
0:107,142,123,110,0,;
1:123,110,0,0,106,;
1:123,110,0,0,106,;
1:123,110,0,0,106,;
1:123,110,0,0,106,;
1:123,110,0,0,106,;
1:123,110,0,0,106,;
1:123,110,0,0,106,;
1:123,110,0,0,106,;
1:123,110,0,0,106,;
1:123,110,0,0,106,;
1:123,110,0,0,106,;
1:123,110,0,0,106,;
1:123,110,0,0,106,;
1:123,110,0,0,106,;
1:123,110,0,0,106,;
1:123,110,0,0,106,;
1:123,110,0,0,106,;
1:123,110,0,0,106,;
1:123,110,0,0,106,;
1:123,110,0,0,106,;
0:124,123,128,123,125,;
0:123,128,123,125,106,;
0:123,125,106,110,78,;
0:125,106,110,78,141,;
0:106,110,78,141,103,;
0:78,141,103,115,92,;
0:141,103,115,92,128,;
0:103,115,92,128,119,;
0:128,119,121,111,115,;
0:121,111,115,95,126,;
0:115,95,126,101,121,;
0:95,126,101,121,117,;
0:101,121,117,152,126,;
0:121,117,152,126,140,;
0:117,152,126,140,119,;
0:152,126,140,119,141,;
0:126,140,119,141,117,;
0:0,96,112,96,123,;
0:96,112,96,123,112,;
0:96,123,112,112,112,;
0:123,112,112,112,91,;
0:112,112,112,91,107,;
0:112,112,91,107,102,;
1:112,91,107,102,102,;
1:112,91,107,102,102,;
1:112,91,107,102,102,;
1:112,91,107,102,102,;
1:112,91,107,102,102,;
1:112,91,107,102,102,;
1:112,91,107,102,102,;
1:112,91,107,102,102,;
1:112,91,107,102,102,;
1:112,91,107,102,102,;
1:112,91,107,102,102,;
1:112,91,107,102,102,;
1:112,91,107,102,102,;
1:112,91,107,102,102,;
1:112,91,107,102,102,;
1:112,91,107,102,102,;
1:112,91,107,102,102,;
1:112,91,107,102,102,;
1:112,91,107,102,102,;
1:112,91,107,102,102,;
0:102,112,96,102,102,;
0:112,96,102,102,84,;
0:96,102,102,84,99,;
0:102,102,84,99,94,;
1:102,84,99,94,89,;
1:102,84,99,94,89,;
1:102,84,99,94,89,;
1:102,84,99,94,89,;
1:102,84,99,94,89,;
1:102,84,99,94,89,;
1:102,84,99,94,89,;
1:102,84,99,94,89,;
1:102,84,99,94,89,;
1:102,84,99,94,89,;
1:102,84,99,94,89,;
1:102,84,99,94,89,;
1:102,84,99,94,89,;
1:102,84,99,94,89,;
1:102,84,99,94,89,;
1:102,84,99,94,89,;
1:102,84,99,94,89,;
1:102,84,99,94,89,;
1:102,84,99,94,89,;
1:102,84,99,94,89,;
0:74,74,84,0,89,;
0:74,84,0,89,84,;
0:84,0,89,84,89,;
0:0,89,84,89,94,;
0:89,84,89,94,94,;
0:84,89,94,94,89,;
0:89,94,94,89,94,;
0:94,94,89,94,79,;
0:94,89,94,79,79,;
0:89,94,79,79,69,;
0:94,79,79,69,89,;
0:79,79,69,89,104,;
0:79,69,89,104,74,;
0:69,89,104,74,74,;
0:89,104,74,74,89,;
0:104,74,74,89,84,;
0:74,74,89,84,84,;
0:74,89,84,84,89,;
0:89,84,84,89,84,;
