1002
1007
1017
10184
10255
1040
10491
10515
1063
1066
10671
107
10770
10880
1097
1118
1119
11275
11281
1139
1142
1152
11768
1177
1178
1183
119
1194
12145
1217
1219
122
1220
123
12519
1263
1265
1266
1268
127
1276
1277
1294
1318
13184
1322
1324
1329
1331
1332
1333
1339
1350
1353
1359
1361
1375
1381
1402
1404
1408
1418
1427
1439
1445
145
1451
1466
1467
1474
1483
1495
1501
1502
1506
1507
1508
1534
1537
1542
1558
1560
1561
1566
1585
1599
16
1616
1627
1662
1687
1689
169
1693
1701
1703
1725
1731
1739
1740
1755
1781
1799
1801
1839
1867
1876
1877
1898
1900
1913
1915
1916
1918
1921
1929
1951
1967
199
2028
2030
2032
2034
2058
207
209
2091
2093
2096
2103
2105
2109
2110
2111
2114
2118
2124
213
2130
214
2146
215
2150
2156
2176
2185
2187
2188
2206
2222
2223
2232
2238
2246
2261
2263
2265
2266
2267
2268
2283
2327
2333
2347
2362
2402
2412
2413
2419
2422
2426
2427
2431
2435
2440
2442
2447
2475
2492
2499
250
2510
2512
2550
2564
2566
2574
2577
2580
2584
2585
2589
2606
2610
2617
2631
2633
2654
266
2663
2665
2681
269
271
2720
2726
273
2731
2735
2738
274
2744
278
2781
279
2800
2832
2859
2870
289
2892
2895
2900
2901
291
2910
2963
2989
2993
300
3001
3008
3017
3040
3070
3076
3079
3081
3093
3094
310
3105
3110
3126
3133
3155
316
3169
3191
3192
3193
3194
3196
3205
3210
3212
3214
322
324
3251
33
3306
3317
3322
3350
3352
3425
3431
3434
3446
345
3458
3468
3479
3502
3539
3541
3558
3587
3590
3605
3609
3614
3623
3645
3651
3655
3674
3712
3716
3717
3718
3720
3721
3722
3727
374
3763
3778
3779
378
3783
3789
3791
3798
381
3814
382
3828
3831
384
3841
3855
3856
3857
3859
386
387
3872
3882
3890
3891
3893
3895
39
3909
3935
3936
3938
3949
3956
3970
3971
3985
399
3995
4001
4019
4028
4078
4101
4118
4119
4122
415
4167
417
4174
4182
4216
4220
4221
4224
4225
4330
4374
4381
4385
4400
4401
4406
4409
444
4446
4455
4464
4465
4480
4481
4484
4487
4494
4499
454
4555
4556
4562
4589
4615
4620
4625
4628
4632
4635
4636
464
465
4676
4705
4735
4767
4768
48
4800
4806
4817
4818
4844
4862
4872
4882
4885
4888
4889
4897
490
4909
4981
4988
5008
5010
5014
5015
5016
5048
505
5051
5052
5080
5135
517
5191
5214
5215
5238
525
5265
5292
5303
5306
5315
536
5377
5384
5386
5401
5435
5454
5456
5459
5461
5466
5467
5487
5501
5520
5574
5643
5660
5661
569
57
5793
5827
5835
5847
5875
5883
5889
5891
5913
5923
5927
593
5931
595
5983
600
601
6043
6094
6113
612
6122
6132
6133
6136
6141
6152
6154
6170
6174
6182
6211
6250
630
6315
6333
6358
6359
6364
638
6391
6429
6452
6512
6530
6548
655
656
6565
6566
6574
658
6585
6587
6619
6644
6645
6647
666
6694
67
672
674
6743
675
6756
6797
682
683
685
6884
6944
6945
70
7043
7098
7116
7117
7153
7154
7173
7192
7193
72
7211
7217
728
729
7296
733
7344
735
7387
7395
7452
747
749
756
7567
758
759
7596
760
761
7641
7649
776
7776
7788
7791
7803
7977
799
8035
804
808
8089
809
8116
817
82
8210
8270
8399
8427
8473
8490
8512
857
8589
869
8771
8856
8889
898
900
912
913
9133
914
9203
9243
9257
928
934
9344
9350
9391
9392
948
951
952
955
957
962
9625
963
969
9778
982
9883
99
9912
9924
