1017
10184
1066
10880
12145
123
1268
1324
1332
1350
1375
1418
1427
1439
1451
1501
1502
1599
1687
1689
1693
1703
1731
1799
1801
1951
199
2093
2103
2111
213
2150
2232
2238
250
2577
2580
2617
2631
2654
271
2910
3094
3110
3133
3191
3192
3194
3196
322
324
3306
3350
3479
3539
3614
3712
3716
3718
3720
3721
3722
3783
3789
3791
3798
3814
3859
3971
399
4019
4078
415
4174
4374
4464
4628
4632
4635
4888
4981
5008
5010
5016
505
517
5435
5883
6122
6132
6136
6141
6170
6359
6364
6512
6530
6548
6565
672
6743
7211
7776
8035
804
8089
82
8210
8399
8427
9203
9778
