r120098930:9,9,9,9,9,11,11,9,9,9,9,9,9,9
s222087796:14,14,14,14,14,14,14,14,14,14,14,14,14,14,14,14,14,14,14,14,14,14,14,14,14,14,14,14,14,14,14,14,14,14,14,14,14,14,14,14,14,14,14,14,14,14,14,14,14,14,14,14,14,14,14,14,14,14,14,14
r221749269:12,12,11,11,11,11,11,11,11,11,11,11,11,11,11,11,11,11,11,11,11,11,11,12,11,11,11,11
r224071277:13,13,13,13,13,13
a122209955:16,5,27,5,5,5,27,27,5,16,5,16,5,5,5
r123503787:21,21,21,21,21,21,21,21,21,21,21,21,21,21,21,21
e121672350:6,6,6,7,7,7,7,7,7,7,7,7,7,7,7,7,7,7,7,7,7,7,7,7,7,7,7,7,7,7,7
r222563709:7,7,7,7,7,7,7,7,7,7,7
r222151772:14,14,14,14,14,14,14,14,14,14,14,14,14,14,14,14,14,14,14,14,14,14,14,14,14,14,14,14,14,14,14,14,14,14,14,14,14,14,14,14,14,14,14,14,14,14,14,14,14,14,14,14,14,14,14,14,14,14,14,14,14,14,14,14,14,14,14,14,14,14,14,14,14,14,14,14,14,14,14,14,14,14,14,14,14,14,14,14,14,14,14,14,14,14,14,14,14,14,14,14,14,14,14,14,14,14,14,14,14,14,14,14,14,14,14,14,14,14,14,14,14,14,14,14,14,14,14,14,14,14
r221344255:8
r221571930:10,10,10,10,10,10,10,10,10,10,10,10,10,10,10,10,10,10,10,10,10,10,10,10,10,10,10,10,10,10,10,10,10,10,10,10,10,10,10,10,10,10,10,10,10,10,10,10,10,10,10,10,10,10,10,10,10,10,10,10,10,10,10,10,10,10,10,10,10,10,10,10,10,10,10,10,10,10,10,10,10,10,10,10,10,10,10,10,10,10,10,10,10,10,10,10,10,10,10,10,10,10,10,10,10,10,10,10,10,10,10,10,10,10,10,10,10,10,10,10,10,10,10,10,10,10,10,10,10,10,10,10,10,10,10,10,10,10,10,10,10,10,10,10,10,10,10,10,10,10,10,10,10,10,10,10,10,10,10,10,10,10,10,10,10,10,10,10,10,10,10,10,10,10,10,10,10,10,10,10,10,10,10,10,10,10,10,10,10,10,10,10,10,10,10,10,10,10,10,10,10,10,10,10,10,10
d221357788:13,13,15,13,15
r220386491:8,8,8,8,8
q220503553:11,7,11,7,11,7,11,7,11,7,11,7,11,7,11,7,11,7,11,7,11,7,11,7,11,7,11,7,11,7,11,7,11,7,11,7,11,7,11,7,11,7,7,7,7,7,7
r124352524:12,12,10,10,10,10,11,11,11,12,11,11,11,11,11,11,11,11,11,11,11,11,11,11,12,11,11,12
r222365730:14,9,14,9,14,9,14,9,14,9,14,9,14,9,14,9,14,9,14,9,14,9,14,9,14,9,14,9,14,9,14,9,14,9,14,9,14,9,14,9,14,9,9,14,14,9,14,9,14,9,14,9,14,9,14,9,14,14,14,14,9,14,9,14,9,9,14,14,9,14,9,14,9,14,9,14,9,14,9,14,9,14,14,14,9,14,9,9,9,14,9,9,14,14,9,14,9,14,9,14,9,14,9,14,9,9,9,9,9
r220954766:5,5,5,5,5,5,0,0,0,0,0,0,0,0,0,0,0,0,0,0,0,0,0,0,0,5,5,5,5,5,5,5,5,5,5,5,5,5,5,5,5,5,5,5,5,5,6,6,6,5,5,5,5,5,5,5,5,5,5,5,5,5,5,5,5,5,5,5,5,5,5,5,5,5,5,5,5,5,5,5,5,5,5,5,5,5,5,5,5,6,5,5,5,5,5,5,5,5,5,5,5,5,5,5,5,5,5,5,5,5,5,5,5,5,5,5,5,5,5,5,5,5,5,5,5,5,5,5,5,5,5,5,5,5,5,5,5,5,6,5,5,5,5,5,6,5,5,5,5,5,5,5,5,6,6,5,5,5,5,5,5,5,5,5,5,5,5,5,5,5,5,5,5,5,5,5,5,5,5,5,5,5,5,5,5,5,5,5,5,5,5,5,5,5,5,5,5,5,5,5,5,5,5,5,5,5,5,5,5,5,5,5,5,5,5,5,5,5,6,5,5,5,5,5,5,5,5,5,5
e120123830:10,10,10,10,10,10,10,10,10,10,10,10,10,10,10,10,10,10,10,10,10,10,10,10,10,10,10,10,10,10,10,10,10,10,10,10,10,10,10,10,10,10
h220581328:12,14,14,14,12,14,12,12,12,12,12,12,12,12,12,12,12,12,12,12,12,12,12,12,12,12,12,12,12,12,12,12,12,12,12,12,12,12,12,12,12,12,13,13,13,13,13,13,13,13,13,13,13,13,13,13,13,13,13,13,13,13,13,13,13,13,13,13,13,13,13,13,13,13,13,13,13,13,13,14,13,13,13,13,13,13,13,13,13,13,13,13,13,13,13,13,13,13,13,13,13,13,13,13,13,13,13,14,13,13,13,13,13,88,13
d220468988:6,6,6,6,6,6,6,6,6,6,6,6,6,6,6,6,6,6,6,6,6,6,6,6,6,6,6,6,6,6,6,6,6,6,6,6,6,6,6,6,6,6,6,6,6,6,6,6,6,6,6,6,6,6,6,6,6,6,6,6,6,6,6,6,6,6,6,6,6,6,6,6,6,6,6,6,6,6,6,6,6
d221290019:6,6,6,6,6,6,6,6,6,6,6,6,6,6,6,6,6,6,6,6,6,6,6,6,6,6,6,6,6,6,6,6,6,6,6,6,6,6,6,6,6,6,6,6,6,6,6,6,6,6,6,6,6,6,6,6,6,6,6,6,6,6,6,6,6,6,6,6,6,6,6,6,6,6,6,6,6,6,6,6,6,6,6,6,6,6,6,6,6,6,6,6,6,6,6,6,6,6,6,6,6,6,6,6,6,6,6,6,6,6,6,6,6,6,6,6,6,6,6,6,6,6,6,6,6,6,6,6,6,6
d220138663:7,7,7,7,7,6,6,6,6,6,6,6,6,6,6
d220964663:8,8,7,7,7,7
p220195470:9,10,10,10,10
r224341130:25,25,25,25,25,25,25,25,25,25,25,25,25,25,25,25,25,25,25,25,25,25,25,25
n121203192:11,11,11,11,11,11,11,11,11,11,11,11,11,11,11,11,11,11,11
d120380503:9,11,9,11,6,9,11,6,9,11,6,9,11,6,9,11,6,9,6,11,9,11,6,9,11,6,9,11,6,11,6,9,9,11,6,9,11,6,9,11,6,9,11,6,9,11,6,9,11,6,9,11,6,11,6,9,6,9,11,6,11,9,9,11,6,9,11,6,9,11,6,9,11,6,9,11,6,9,11,6,9,11,6,9,9,11,6,9,11,6,9,11,6,9,11,6,9,11,6,6,6,11,9,11,6,9,9,9,11,6,9,11,6,9,11,6,9,6,11,9,11,6,9,11,6,6,9,11,9,11,6,9,6,11,11,6,9,6,11,9,9,11,6,11,6,9,6,9,6,9,9,11,6,6,11,6,9,9,6,9,11,9,11,6,9,11,6,9,11,6,9,6,11,9,11,6,9,11,6,6,11,9,9,11,6,9,11,6,6,9,11,9,11,6,6,11,9,11,9,6,9,11,6,6,11,9,9,11,6,9,11,6,9,6,11,6,11,9,9,11,6,9,11,6,9,11,6,9,11,6,9,11,6,9,11,6,9,11,6,6,11,9,9,11,6,9,11,6,6,6,11,9,11,6,9,9,11,11,6,9,9,11,11,9,6,6,6,6,6,6,6,6,6,6,6,6,6,6,9,11,6,11,6,9,11,6,9,9,6,11,9,6,11,9,11,6,9,11,6,6,9,11,9,11,6,11,6,9,9,11,6,9,11,6,9,9,11,6,9,11,6,9,11,6,6,11,9,9,11,6,6,11,11,9,9,11,6,9,11,6,9,11,6,9,11,6,6,11,9,9,11,6,11,6,9,9,6,11,11,6,9,9,11,6,9,11,6,9,11,6,9,11,6,9,11,6,9,11,6,9,11,6,9,9,11,6,6,11,9,9,11,6,9,11,6,11,6,9,9,11,6,6,11,9,9,11,6,9,11,6,9,11,6,9,11,6,9,11,6,9,11,6,9,11,11,6,9,11,11,11,6,9,11,11,6,6,11,9,9,11,6,9,9,11,6,9,11,9,9,6,9,11,6,11,6,9,9,11,6,9,11,11,9,6,9,11,6,9,11,6,9,11,6,9,11,6,9,11,6,9,11,6,9,11,6,9,11,6,9,11,11,6,9,11,6,9,11,9,9,9,6,6,9,11,6,9,11,6,6,9,11,11,6,9,11,6,9,11,6,9,11,6,9,11,6,9,9,11,6,9,11,6,9,9,6,11,9,11,6,6,6,9,11,6,9,11,6,11,6,9,9,11,6,6,9,11,6,9,11,6,9,9,11,6,11,6,9,11,6,9,11,6,9,9,11,6,9,11,6,9,11,6,9,11,6,9,11,6,11,9,6,11,6,9,9,11,6,9,11,6,9,11,6,9,11,6
f126698944:17,17,17,17,17
d221108749:7,7,0,7,0,7,0,7,0,7,0,7,0,7,0,7,5,5,7,7,5,7,5,7,5,7,5,7,5,7,5,7,5,7,5,7,5,7,5,7,5,7,5,7,5,7,5,7,5,7,5,7,5,7,5,7,5,7,5,7,5,7,5,7,5,7,5,7,5,7,5,7,5,7,5,7,5,7,5,7,5,7,5,7,5,7,5,7,5,7,5,7,5,7,5,7,5,7,5,7,5,7,5,7,7,7,7,7,7,5,7,5,7,5,7,5,7,5,7,5,7
q221546114:7,9,7,7,7,7,7,7,7,7,7,7,7,7,9,9,9,9,7,9,9,9,9,9,9,9,9,9,9,9,9,9,9,9,9,9,9,9,9,9,9,9,9,9,9,9,9,9,9,9,9,9,9,9,9,9,9,9,9,9,9,9,9,9,9,9,9,9,9,9,9,9,9,9,9,9,9,9,9,9,9,9,9,9,9,9,9,9,9,9,9
d221289436:10,8,10,8,10,8,10,10,8,10,10,8,10,10,10,8,10,8,10,8,10,10,10,8,10,8,8,10,10,8,10,8,10,8,10,8,10,10,8,10,8,10,8,10,8,10
a123456798:15
e220400987:10,10,10,10,10,10,10,10,10,10,10,10,10,10,10,10,10,10,10,10,10,10,10,10,10,10,10,10,10,10,10,10,10,10,10,10,10,10,10,10,10,10,10,10,10,10,10,10,10,10,10,10,10,10
