r120098930:96,96,96,0,111,98,114,104,107,112,99,0,107,135
s222087796:83,72,92,82,80,80,92,74,95,112,95,91,95,72,102,0,90,117,59,104,116,91,98,103,113,106,93,92,119,88,78,87,104,98,100,110,69,86,94,91,118,69,87,67,37,31,48,54,48,95,52,54,49,42,37,46,46,49,32,37
r221749269:110,120,124,124,128,121,121,121,120,121,121,124,106,120,121,127,127,127,134,120,127,95,112,105,112,109,109,108
r224071277:102,102,112,115,112,109
a122209955:84,150,57,0,100,100,61,82,150,43,0,0,150,120,120
r123503787:0,0,0,0,0,57,59,67,67,66,62,62,66,66,64,0
e121672350:104,0,0,0,139,144,154,165,143,151,136,130,132,126,126,142,143,145,145,145,127,143,145,138,134,150,105,0,143,149,128
r222563709:127,121,138,121,98,76,0,80,88,102,89
r222151772:109,114,121,122,104,111,114,114,116,114,114,116,123,116,111,123,116,116,115,121,115,115,114,114,114,114,0,0,0,112,112,112,114,112,112,112,112,112,112,112,113,112,112,112,112,112,112,112,111,112,112,112,112,112,112,112,112,112,110,112,112,112,112,111,112,111,111,112,111,111,115,114,111,111,114,111,113,115,111,114,111,111,111,111,114,114,114,114,114,114,114,114,111,114,114,114,112,112,113,111,114,111,113,115,114,111,114,114,114,110,114,114,111,111,111,110,110,111,110,111,114,110,114,114,112,114,110,112,113,113
r221344255:100
r221571930:117,117,119,117,117,117,117,113,122,122,113,113,0,0,117,117,113,122,113,113,113,126,117,119,128,124,117,121,117,113,117,113,117,119,117,117,117,130,117,121,124,128,117,100,100,95,115,117,0,0,0,96,106,110,108,112,107,109,110,113,108,107,110,109,112,110,109,110,110,110,115,115,115,111,111,112,113,109,114,110,110,113,117,110,110,111,111,108,110,110,110,111,111,110,110,110,110,111,110,107,107,107,107,107,105,106,111,106,107,119,106,107,105,107,110,104,103,106,113,106,106,106,106,106,103,111,105,108,106,103,118,118,115,113,113,105,117,117,109,112,111,116,118,112,111,112,114,116,118,118,114,113,114,108,110,108,109,112,115,106,108,120,109,109,107,106,106,106,106,106,110,109,66,112,109,109,109,107,107,107,109,109,32,111,109,111,109,108,109,109,112,109,108,108,109,109,115,109,109,107,106,120,109,109,109,107
d221357788:97,97,72,49,86
r220386491:91,91,111,100,89
q220503553:94,135,76,144,94,138,92,144,93,141,94,137,98,114,91,130,94,130,92,144,91,126,97,130,92,155,91,144,84,144,84,157,87,149,87,104,97,156,97,106,78,102,99,88,87,171,72
r124352524:130,124,128,140,125,134,121,130,127,120,124,124,0,130,129,129,124,136,121,122,127,133,124,127,120,121,125,120
r222365730:115,139,105,143,105,152,102,139,105,139,105,134,124,134,124,134,108,139,0,0,0,0,120,104,100,121,108,121,100,121,102,139,102,143,100,126,100,139,93,130,101,104,104,67,101,95,107,104,101,89,107,95,101,89,107,89,107,107,107,107,95,107,91,115,73,91,115,115,89,115,91,118,91,107,73,107,82,107,89,107,91,115,118,59,91,107,71,71,89,115,91,91,87,90,89,112,82,112,91,112,89,112,89,112,82,89,82,82,89
r220954766:0,0,0,0,0,0,128,128,119,111,136,170,170,170,153,145,145,145,119,136,136,136,162,145,128,0,0,200,180,190,190,190,200,130,190,200,200,200,210,200,200,188,203,176,194,213,131,139,156,174,211,188,170,132,203,158,161,160,187,180,178,0,198,218,227,216,196,212,203,227,204,213,221,197,189,220,225,208,207,207,223,217,155,120,205,197,211,201,176,131,197,188,163,153,176,172,160,176,186,171,177,188,165,156,217,189,220,179,212,204,189,200,196,185,154,183,209,210,177,213,219,209,154,209,196,172,188,219,219,219,219,219,219,219,219,213,199,203,156,208,184,195,205,182,144,190,203,187,163,207,206,207,194,163,126,200,205,205,174,205,184,224,196,217,196,217,217,220,196,181,171,200,191,201,187,176,180,176,176,200,196,166,200,199,156,200,225,213,204,200,199,224,231,210,210,176,187,225,221,201,171,167,201,206,190,224,227,203,153,199,217,234,217,234,211,208,230,201,152,221,210,200,210,200,210,249,199,237,242
e120123830:132,0,0,106,107,107,122,110,96,94,108,86,85,96,107,94,126,114,97,174,103,113,121,106,107,0,97,109,89,107,90,105,110,112,109,110,100,102,106,111,110,115
h220581328:97,91,91,94,94,82,94,97,91,84,91,94,91,93,89,86,83,83,86,76,83,86,86,86,89,93,93,93,93,86,93,86,76,79,89,89,96,96,89,86,93,96,88,88,85,91,88,88,91,91,91,94,94,81,85,82,85,88,98,88,88,98,91,72,87,88,91,91,88,85,89,77,93,99,87,81,77,81,87,86,87,90,81,96,84,74,74,74,96,79,91,90,87,84,88,81,87,86,89,81,90,81,81,87,90,93,82,124,76,85,88,89,88,0,92
d220468988:100,105,102,93,76,91,93,96,90,89,96,99,90,103,90,74,81,88,88,86,85,85,94,95,87,94,0,74,160,88,80,90,75,99,93,85,92,92,95,99,102,96,92,110,92,94,92,90,98,95,101,112,89,76,94,76,101,100,97,94,91,100,94,94,91,98,91,92,100,93,101,94,91,95,99,98,101,91,94,93,100
d221290019:157,157,137,140,134,140,91,143,141,156,153,139,113,113,113,113,103,97,91,113,113,106,0,0,0,111,129,123,136,123,136,137,131,139,130,134,135,134,131,136,126,129,119,112,112,122,135,137,129,132,137,135,143,124,106,132,127,124,0,0,114,109,104,113,118,96,114,116,121,115,113,109,131,108,119,123,122,106,87,86,123,110,106,105,108,110,114,103,99,96,109,110,91,112,108,117,119,106,128,113,124,100,106,104,100,113,122,122,106,86,86,136,109,108,128,111,129,117,123,128,139,138,130,110,116,115,117,121,106,119
d220138663:174,155,155,155,168,188,188,173,144,173,173,159,195,210,195
d220964663:76,70,76,80,88,80
p220195470:123,107,112,104,88
r224341130:0,0,0,0,0,0,0,0,0,92,83,83,77,83,85,91,80,0,0,0,0,0,0,0
n121203192:145,145,145,145,145,145,145,145,145,0,143,148,152,148,148,148,148,148,145
d120380503:135,106,135,106,108,132,128,119,135,116,111,135,123,111,130,116,123,135,115,116,107,123,115,121,116,111,139,131,119,116,115,135,111,123,119,125,126,119,139,116,119,125,119,119,135,126,115,139,126,126,135,126,130,130,130,125,0,0,0,108,135,135,135,133,108,135,140,130,135,119,111,132,119,119,135,102,115,125,130,115,121,130,119,130,130,126,111,125,119,138,125,135,111,135,126,119,125,113,111,111,111,119,139,116,119,135,125,125,126,119,144,109,115,129,135,119,149,123,110,129,128,111,129,117,123,111,138,128,129,113,115,135,111,128,110,115,129,115,124,129,129,135,126,131,111,129,111,129,115,1295,134,124,135,111,126,115,128,124,130,134,138,129,144,111,129,148,111,129,142,115,129,111,148,129,135,111,131,126,111,111,148,133,133,148,111,132,142,111,111,138,148,135,135,97,97,140,129,148,124,97,124,140,111,104,152,124,124,140,104,124,140,111,124,111,133,111,140,124,124,140,130,124,133,111,132,140,119,124,140,115,124,137,115,124,140,119,128,133,119,111,148,98,72,148,130,102,133,111,111,104,140,98,133,100,124,98,133,148,100,124,124,133,133,124,93,93,93,93,93,93,93,93,93,93,93,93,93,93,119,133,104,118,126,128,126,126,137,113,111,140,121,126,133,117,129,126,117,137,130,119,124,133,124,144,130,137,126,124,124,126,126,117,122,126,113,113,148,126,117,133,123,117,140,138,130,122,117,117,144,123,134,144,144,117,117,144,97,107,137,97,109,129,97,109,144,97,111,155,105,96,155,108,148,111,117,113,117,159,148,134,117,117,148,134,125,148,119,117,152,119,117,152,119,117,152,119,113,129,119,124,140,126,117,117,140,126,125,148,113,133,140,119,117,148,138,148,119,125,124,148,130,115,140,109,113,158,111,72,154,115,109,148,115,121,144,119,117,144,119,117,148,119,117,146,146,93,113,143,143,143,93,117,146,146,93,119,161,117,117,154,104,121,117,146,119,109,154,124,124,119,113,154,119,148,119,113,111,141,119,111,161,161,116,111,114,146,113,114,154,108,114,154,119,114,154,123,114,154,119,114,146,108,114,146,119,114,161,115,114,154,154,111,146,162,107,146,169,124,124,124,123,123,186,193,119,186,193,119,119,166,185,185,94,166,193,97,138,193,130,107,198,111,122,198,109,122,122,189,109,122,181,109,117,121,111,149,56,135,111,111,111,117,119,111,80,173,111,173,108,79,84,153,108,108,83,173,108,109,186,108,117,117,148,105,198,108,118,160,111,118,160,111,121,111,149,111,133,149,111,118,143,109,128,123,119,124,135,119,160,130,115,165,115,121,113,165,111,117,169,100,121,165,98,121,203,82
f126698944:98,102,102,100,100
d221108749:118,118,56,130,56,147,56,118,56,136,56,136,56,136,56,0,0,0,0,130,60,130,60,136,60,130,60,124,60,130,60,136,60,136,60,118,60,118,60,118,60,118,60,112,60,118,60,136,60,124,60,136,60,124,60,124,60,118,60,118,60,118,60,127,60,114,60,114,60,120,60,120,60,115,60,115,60,115,60,115,60,121,60,109,60,104,60,132,90,132,90,137,80,121,90,132,80,127,80,121,80,121,80,132,132,132,132,132,115,130,137,130,120,130,126,130,120,130,114,110,115
q221546114:110,119,136,131,120,147,147,144,136,131,147,157,157,131,133,133,133,119,0,0,0,143,133,138,143,143,143,143,143,143,119,157,143,143,129,143,138,143,129,138,143,148,133,133,143,141,136,136,136,132,117,122,141,117,136,132,117,122,122,132,117,127,127,141,122,122,132,132,141,131,131,132,117,117,117,132,122,117,117,117,127,127,122,136,146,117,113,117,117,117,117
d221289436:120,98,90,83,116,91,122,118,107,142,123,110,0,0,106,41,124,123,128,123,125,106,110,78,141,103,115,92,128,119,121,111,115,95,126,101,121,117,152,126,140,119,141,117,152,115
a123456798:86
e220400987:0,0,96,112,96,123,112,112,112,91,107,102,102,86,80,102,112,96,102,102,84,99,94,89,99,74,74,84,0,89,84,89,94,94,89,94,79,79,69,89,104,74,74,89,84,84,89,84,79,79,79,74,89,74
