r120098930:245,238,242,235,265,315,369,254,255,264,256,258,262,315
s222087796:272,274,354,352,334,244,252,270,232,281,355,328,317,316,301,338,358,331,333,339,400,316,256,365,269,371,288,256,350,305,222,265,304,287,380,268,339,359,280,287,339,411,229,201,225,238,338,344,327,314,384,250,388,275,320,310,281,201,234,329
r221749269:360,360,360,360,350,370,350,370,380,350,350,330,350,380,340,380,390,390,370,360,380,360,300,300,310,340,300,380
r224071277:360,350,370,400,400,390
a122209955:400,150,300,0,100,100,300,400,150,120,150,380,150,120,120
r123503787:450,400,370,380,390,330,360,390,430,380,360,400,360,400,410,420
e121672350:162,152,152,149,149,154,161,172,162,182,156,155,152,155,155,152,154,154,154,160,145,150,155,149,156,156,162,162,169,162,160
r222563709:160,190,210,220,220,119,113,136,146,131,136
r222151772:470,460,470,470,480,460,470,470,480,450,475,460,490,470,475,480,510,480,500,480,470,485,480,470,480,480,480,480,480,485,485,480,480,480,475,480,480,480,485,480,480,460,480,480,490,470,470,480,450,480,470,480,470,470,480,480,470,480,450,460,465,475,480,470,485,480,480,480,480,470,490,490,485,480,485,480,485,480,482,470,480,460,485,480,495,480,470,470,470,480,480,485,480,485,480,480,470,490,480,485,470,495,485,485,490,480,470,475,480,470,470,475,475,485,485,470,475,485,480,470,470,480,480,475,485,485,475,485,485,470
r221344255:236
r221571930:270,260,280,270,275,270,280,280,270,260,260,270,270,275,270,265,260,260,270,260,260,280,280,290,290,285,280,290,270,260,260,270,270,285,300,270,270,270,285,280,295,285,270,230,230,235,270,270,270,270,222,237,244,257,252,258,247,257,257,253,253,264,245,256,253,264,257,257,257,257,266,272,246,256,253,272,272,263,272,266,255,255,255,272,259,246,264,253,257,257,255,257,257,254,257,259,255,259,256,250,249,249,252,244,244,266,250,244,249,249,249,246,244,257,245,245,238,238,255,248,249,248,248,251,249,248,284,249,242,255,246,242,242,244,259,263,255,264,287,262,253,263,260,248,256,270,279,257,250,267,275,268,320,253,258,254,252,251,255,251,254,258,255,251,254,250,250,247,249,250,255,255,255,255,263,264,264,251,255,266,266,252,25,257,253,254,255,257,257,257,298,258,254,551,255,257,262,252,257,259,255,259,250,257,252,252
d221357788:340,340,300,134,350
r220386491:198,191,209,220,184
q220503553:212,152,217,143,205,171,227,158,237,168,234,150,229,152,234,169,228,158,239,147,244,143,243,142,223,166,224,129,221,135,222,146,233,161,217,132,240,163,244,156,212,134,108,97,108,118,99
r124352524:410,430,400,425,420,410,420,400,400,400,400,400,410,435,410,400,400,400,400,390,380,410,400,400,410,410,400,420
r222365730:370,330,360,340,340,320,350,320,330,330,360,330,370,310,360,320,390,310,310,330,370,300,380,300,410,320,370,320,370,320,370,330,370,340,370,300,360,320,360,230,370,230,230,260,380,230,360,230,380,225,400,280,380,245,400,230,410,420,420,420,205,420,195,400,190,190,380,380,190,420,190,400,190,420,190,420,215,420,215,420,190,400,410,215,195,420,215,215,195,400,205,215,360,330,225,420,215,400,190,400,195,420,195,410,205,195,200,200,210
r220954766:140,120,140,150,170,150,140,130,130,170,190,210,210,180,190,170,200,160,170,120,170,180,170,160,160,150,180,190,200,190,210,190,210,200,200,220,220,200,200,220,219,207,220,192,217,223,185,205,183,213,214,188,150,212,190,171,186,184,212,184,148,215,243,243,219,233,223,233,234,244,220,250,187,207,220,233,197,212,197,218,243,157,130,201,225,207,186,169,172,210,201,235,180,216,196,202,238,204,176,203,171,195,168,1203,212,196,209,212,224,220,220,226,208,175,190,202,219,211,203,196,209,180,224,196,202,211,180,191,191,191,191,191,191,191,191,226,226,202,217,194,190,162,195,218,172,191,184,177,201,208,205,204,226,217,213,211,195,205,205,220,196,236,218,210,187,225,208,208,201,205,197,179,191,186,199,184,216,185,204,231,225,208,215,196,186,199,221,196,215,235,248,223,223,245,204,216,197,240,199,233,191,197,235,220,227,200,223,227,211,230,238,250,247,224,225,216,245,203,212,241,220,210,200,210,188,200,201,213,222
e120123830:278,225,289,205,233,250,259,251,254,259,257,229,229,227,204,236,305,235,255,275,243,263,258,241,248,257,252,218,257,251,210,228,236,266,248,249,276,257,270,242,305,220
h220581328:280,280,290,300,270,280,290,300,260,240,260,280,280,290,260,270,230,240,230,230,270,270,270,250,270,280,270,270,270,250,280,250,230,220,250,310,280,300,260,250,290,280,280,290,260,270,270,280,280,290,280,300,290,270,270,250,290,270,310,270,290,310,290,210,290,270,290,290,270,280,290,250,300,320,50,260,260,250,290,280,290,290,270,290,260,250,250,290,300,250,300,280,290,270,290,260,280,290,290,270,290,260,270,285,290,310,270,420,250,280,290,290,290,260,300
d220468988:151,135,149,138,134,129,138,130,133,128,135,135,132,138,145,126,135,135,120,123,125,135,210,163,136,130,135,122,122,118,110,114,105,131,122,113,121,135,138,134,129,142,130,140,136,124,135,144,148,154,125,153,130,122,126,125,126,128,137,135,132,126,134,1354,124,124,134,135,122,122,128,132,133,125,134,126,125,125,123,122,136
d221290019:270,270,275,250,235,240,250,250,300,275,250,235,235,235,240,240,178,187,217,170,280,197,215,215,238,219,238,239,244,246,214,242,248,230,258,280,240,250,252,244,244,249,240,194,229,257,229,240,239,252,246,240,223,222,245,252,249,241,252,231,223,212,223,220,196,233,198,206,198,198,224,225,246,241,251,259,216,253,193,200,219,186,193,187,209,200,189,202,209,202,241,246,216,228,235,228,248,236,235,243,259,203,254,203,220,233,206,198,230,180,257,253,250,208,194,228,244,238,239,254,261,269,251,211,220,229,232,227,205,236
d220138663:280,280,260,270,270,260,240,260,240,260,220,240,280,290,270
d220964663:138,128,155,157,162,155
p220195470:251,255,253,252,214
r224341130:433,405,385,409,375,350,368,375,401,396,382,393,371,347,368,397,378,422,400,380,390,380,370,360
n121203192:400,400,400,400,400,400,400,400,400,400,400,410,420,410,410,410,410,410,400
d120380503:290,300,290,375,170,295,360,160,290,320,160,290,350,150,290,370,160,290,160,350,300,330,140,290,380,160,290,360,155,310,160,260,320,330,150,270,340,170,270,320,165,260,370,145,270,330,160,290,330,155,280,370,170,380,165,270,170,280,390,145,380,300,290,410,165,290,390,170,280,370,150,270,360,155,290,380,150,270,350,175,270,350,160,280,280,310,170,270,380,170,270,310,160,290,370,150,270,350,150,150,155,370,270,380,150,300,270,270,310,145,270,380,160,280,340,160,290,150,340,330,330,165,290,400,160,175,290,350,310,380,150,290,150,340,380,150,300,160,340,290,270,350,150,390,150,290,155,290,150,290,380,400,300,150,390,150,290,300,140,390,390,300,380,150,290,390,150,290,350,140,300,150,400,290,350,150,300,400,150,150,430,300,300,400,150,300,430,150,150,300,380,290,400,130,130,380,290,410,300,130,290,410,150,140,410,290,300,380,150,290,430,105,290,150,430,150,380,290,290,380,150,330,360,150,300,380,160,290,380,160,300,410,165,290,400,160,280,360,150,150,400,120,180,400,160,220,380,140,140,140,380,250,350,135,260,230,380,400,150,300,300,360,360,280,150,150,150,150,150,150,150,150,150,150,150,150,150,150,280,400,150,340,175,290,340,175,300,330,160,360,300,175,360,300,390,180,290,370,160,150,290,360,290,400,170,370,175,300,280,340,185,290,380,160,330,330,400,1703,300,420,165,270,320,175,170,330,270,290,390,170,130,370,370,280,265,390,130,280,370,140,280,350,140,270,410,155,160,420,260,280,420,155,360,170,300,301,170,430,380,170,280,310,400,180,280,400,180,290,410,165,330,410,150,310,430,160,280,350,170,300,330,160,290,290,330,190,310,400,310,280,350,165,290,380,190,390,160,290,290,400,160,160,380,280,280,410,150,180,350,155,280,400,160,290,390,160,290,380,160,290,380,160,290,380,380,150,310,370,370,370,150,290,380,380,150,155,400,260,260,400,140,290,290,380,140,270,400,150,150,150,290,400,180,400,150,280,280,400,150,290,400,400,165,165,290,400,165,280,400,150,280,400,145,300,400,165,340,300,150,320,370,150,300,380,160,290,390,160,340,400,400,170,450,430,170,470,480,150,150,150,150,150,450,480,155,420,470,145,145,440,500,500,145,360,490,145,420,480,165,310,500,160,330,500,160,280,280,490,140,290,430,170,290,370,175,370,280,340,160,160,160,280,340,160,210,410,160,420,160,230,240,400,155,155,300,410,145,280,450,155,310,310,400,140,450,150,280,380,150,320,380,150,340,320,370,165,320,360,170,290,350,160,280,330,160,290,390,145,380,340,160,390,150,320,330,400,150,320,400,140,330,400,115,300,390,105
f126698944:510,530,530,520,520
d221108749:210,200,60,220,60,240,60,250,60,250,60,240,60,230,60,240,60,60,240,250,60,220,60,230,60,220,60,240,60,240,60,230,60,230,60,180,60,200,60,210,60,200,60,230,60,250,60,230,60,230,60,210,60,200,60,220,60,220,60,230,60,220,60,210,60,220,60,220,60,220,60,210,60,210,60,240,160,200,60,200,60,200,60,190,60,180,60,230,100,260,100,220,80,250,90,230,80,230,80,220,90,210,80,220,220,220,220,220,220,130,240,130,230,130,200,150,240,140,210,110,210
q221546114:200,240,250,240,230,230,270,270,270,280,270,300,260,280,280,250,300,300,300,300,300,270,290,330,320,300,310,290,290,300,290,290,300,300,270,280,290,290,270,270,300,300,270,290,300,280,280,290,290,300,270,290,290,290,300,290,270,270,290,270,270,280,270,270,300,280,290,280,290,260,280,250,260,290,270,250,270,270,290,270,280,290,280,300,300,300,240,250,250,250,250
d221289436:340,260,310,240,340,230,310,330,250,340,330,240,340,340,330,280,350,280,320,200,350,350,320,240,350,280,290,350,300,280,335,290,365,300,335,310,365,350,330,350,330,350,290,350,320,330
a123456798:350
e220400987:190,220,190,200,230,260,230,200,200,190,190,200,210,180,170,190,240,190,200,200,170,190,200,200,140,160,180,160,160,170,200,180,190,200,190,200,210,190,150,200,240,160,170,200,200,190,200,150,170,190,170,170,180,150
