r120098930:105,102,103,0,120,94,110,113,113,115,108,0,116,140
s222087796:80,80,103,102,97,71,73,78,67,81,103,95,92,92,87,0,104,96,97,98,116,92,74,106,78,108,83,74,102,88,64,77,88,83,110,78,98,104,81,83,98,119,66,58,65,69,98,100,95,91,111,72,113,80,93,90,81,58,68,95
r221749269:123,123,128,128,124,131,124,131,134,124,124,117,124,134,121,134,137,137,130,127,134,127,105,102,109,119,105,133
r224071277:115,112,118,128,128,125
a122209955:97,150,57,0,100,100,61,82,150,43,0,0,150,120,120
r123503787:0,0,0,0,0,54,59,64,70,62,59,66,59,66,67,0
e121672350:108,0,0,0,136,141,147,157,148,166,143,142,139,142,142,133,136,136,136,141,128,133,137,132,138,138,100,0,149,143,141
r222563709:92,109,121,127,127,67,0,97,104,95,99
r222151772:114,111,114,115,116,111,114,114,116,109,115,111,119,114,115,116,123,116,122,116,113,117,116,114,116,116,0,0,0,116,116,115,116,115,114,115,115,115,116,115,115,110,115,115,117,112,112,115,106,115,112,115,112,112,115,115,112,115,108,110,111,113,115,111,116,114,114,115,114,111,117,116,115,114,115,114,114,115,114,111,112,109,115,114,117,114,111,111,111,114,114,115,114,115,114,114,110,115,113,115,111,117,114,115,116,114,111,112,114,111,111,112,112,115,115,110,111,115,112,111,111,112,114,112,113,115,111,113,113,110
r221344255:119
r221571930:117,113,123,119,119,117,122,122,117,113,113,117,0,0,117,115,113,113,117,113,113,121,121,126,126,124,121,126,117,113,113,117,117,124,130,117,117,117,124,121,128,124,117,100,100,102,117,117,0,0,0,103,106,111,109,112,107,111,111,110,110,114,106,110,109,114,111,111,111,111,115,117,106,110,109,117,117,113,117,115,110,110,110,117,112,106,113,109,110,110,110,110,110,109,110,111,110,111,110,107,107,107,108,105,105,114,107,105,107,107,107,106,105,110,105,105,101,101,109,106,106,106,106,107,106,106,121,106,103,109,105,103,103,104,110,112,109,112,122,112,108,112,111,106,109,115,119,109,106,114,117,114,136,108,110,108,107,107,109,107,108,110,109,107,108,106,106,105,106,106,109,109,64,109,112,112,112,107,109,113,113,107,6,109,108,108,109,109,109,109,127,110,108,235,109,109,112,107,109,110,109,110,106,109,107,107
d221357788:104,104,86,54,101
r220386491:110,106,116,122,102
q220503553:84,139,86,131,81,156,90,144,94,154,92,137,90,139,92,155,90,144,94,134,96,131,96,130,88,152,88,118,87,123,88,133,92,147,86,121,95,149,96,143,84,122,99,88,99,108,90
r124352524:124,130,125,133,131,128,127,121,121,117,121,121,0,132,124,121,121,121,121,116,115,124,121,121,120,124,119,120
r222365730:112,143,108,147,102,139,105,139,99,143,108,143,111,134,108,139,118,134,0,0,0,0,108,130,117,139,105,139,105,139,105,143,105,147,105,130,102,139,101,100,104,100,100,73,107,100,101,100,107,97,112,121,107,106,112,100,115,118,118,118,89,118,84,112,66,82,107,107,82,118,82,112,82,118,82,118,93,118,93,118,82,112,115,60,84,118,75,75,84,112,89,93,98,90,97,115,93,109,82,109,84,115,84,112,89,84,86,86,91
r220954766:0,0,0,0,0,0,119,111,111,145,162,179,179,153,162,145,170,136,145,102,145,153,145,136,136,0,0,190,200,190,210,190,210,200,200,220,220,200,200,220,219,207,220,192,217,223,145,161,143,213,214,188,150,212,190,171,186,184,212,184,148,0,243,243,219,233,223,233,234,244,220,250,187,207,220,233,197,212,197,218,243,157,130,201,225,207,186,169,172,165,201,235,180,216,196,202,238,204,176,203,171,195,168,1203,212,196,209,212,224,220,220,226,208,175,190,202,219,211,203,196,209,180,224,196,202,211,180,191,191,191,191,191,191,191,191,226,226,202,164,194,190,162,195,218,130,191,184,177,201,208,205,204,226,164,161,211,195,205,205,220,196,236,218,210,187,225,208,208,201,205,197,179,191,186,199,184,216,185,204,231,225,208,215,196,186,199,221,196,215,235,248,223,223,245,204,216,197,240,199,233,191,197,235,220,227,200,223,227,211,230,238,250,247,224,225,216,245,203,155,241,220,210,200,210,188,200,201,213,222
e120123830:113,0,0,87,99,106,110,107,108,110,109,97,97,99,87,100,130,100,108,197,103,112,110,102,105,0,107,93,109,107,89,97,100,113,105,106,117,109,115,103,130,92
h220581328:94,88,91,94,91,88,97,101,87,80,87,94,94,96,86,89,76,79,76,76,89,89,89,83,89,93,89,89,89,83,93,83,76,73,83,102,93,99,86,83,96,93,88,91,82,85,85,88,88,91,88,94,91,84,85,79,91,85,98,85,91,98,91,66,90,85,91,91,85,88,89,77,93,99,15,81,81,77,90,83,90,90,84,90,81,77,77,90,93,76,94,87,90,84,90,81,87,89,87,84,90,81,81,86,90,93,82,124,76,85,88,89,88,0,92
d220468988:105,94,104,96,93,90,96,90,93,89,94,94,92,96,101,88,94,94,83,86,87,94,146,113,95,90,0,91,85,82,82,79,73,91,91,84,90,100,102,100,96,105,97,104,101,92,100,107,110,114,93,114,97,91,94,93,94,95,102,100,98,94,100,1010,92,92,100,100,91,91,95,98,99,93,100,94,93,93,91,91,101
d221290019:152,154,157,143,134,137,143,143,170,156,141,133,133,133,136,136,102,107,125,98,161,113,0,0,0,124,135,136,139,140,122,138,141,131,147,159,136,142,143,139,139,142,136,110,130,146,128,135,134,141,138,135,125,124,137,141,140,135,0,0,125,119,125,123,110,127,108,113,108,108,122,123,134,132,137,142,118,138,105,109,119,101,105,101,113,109,103,110,113,110,131,134,116,122,126,122,133,127,126,130,139,109,136,109,118,125,110,106,123,96,141,138,136,113,106,124,133,130,130,139,142,147,137,113,118,124,126,123,110,127
d220138663:174,174,161,167,182,188,173,188,173,188,159,173,202,210,195
d220964663:78,72,92,93,96,92
p220195470:109,106,105,105,89
r224341130:0,0,0,0,0,0,0,0,0,89,86,88,83,78,83,89,85,0,0,0,0,0,0,0
n121203192:145,145,145,145,145,145,145,145,145,0,143,148,152,148,148,148,148,148,145
d120380503:135,102,135,128,126,137,123,119,135,109,119,135,119,111,135,126,119,135,119,119,139,113,104,135,130,119,135,123,115,106,119,121,149,113,111,125,116,126,125,109,123,121,126,108,125,113,119,135,113,115,130,126,126,130,123,125,0,0,0,108,130,139,135,140,123,135,133,126,130,126,111,125,123,115,135,130,111,125,119,130,125,119,119,130,130,106,126,125,130,126,125,110,119,135,126,111,125,119,111,111,115,126,125,130,111,139,125,125,106,108,125,130,119,125,121,119,135,111,121,147,117,123,129,142,119,130,129,124,138,135,111,135,111,121,135,111,133,119,121,129,120,124,111,138,111,129,115,129,111,129,130,142,140,111,144,111,124,128,104,134,138,133,140,111,129,144,111,129,124,104,133,111,148,129,124,111,131,148,111,111,159,133,133,148,111,128,153,111,111,133,140,135,142,97,97,140,129,152,128,97,124,152,111,104,152,124,128,140,111,124,159,78,124,111,159,111,140,124,124,140,111,141,133,111,128,140,119,124,140,119,128,152,123,124,148,119,119,133,111,111,148,51,77,148,119,94,140,104,104,104,140,107,129,100,111,98,140,148,111,128,128,133,133,119,111,111,111,111,111,111,111,111,111,111,111,111,111,111,119,148,111,126,130,124,126,130,128,133,119,133,121,130,133,121,144,134,117,137,119,111,124,133,124,148,126,137,130,128,119,126,138,117,140,119,133,133,148,1270,121,155,123,109,118,130,126,122,109,117,144,126,97,137,137,113,107,144,97,113,137,104,113,129,104,109,152,115,119,155,105,113,155,115,133,126,121,121,121,159,140,126,113,125,148,134,113,148,134,117,152,123,133,152,111,125,159,119,113,129,126,128,122,119,117,117,122,141,139,148,125,113,129,123,117,140,141,144,119,117,124,148,119,119,140,113,113,158,111,72,135,115,113,148,119,117,144,119,117,140,119,117,140,119,117,146,146,111,125,143,143,143,111,117,146,146,111,115,161,105,105,154,104,117,117,146,104,109,154,116,116,111,117,154,134,148,111,113,111,161,111,114,161,161,127,123,114,154,120,111,154,111,111,154,108,118,154,123,134,116,111,126,143,111,118,146,119,114,157,119,134,154,154,126,178,166,121,186,193,116,116,116,111,111,178,193,115,166,189,108,108,174,193,193,105,142,198,108,166,193,123,122,202,119,130,202,116,111,111,189,102,114,181,124,117,121,130,149,55,131,119,119,119,113,131,119,84,173,119,177,119,91,96,161,115,115,118,173,108,113,190,115,125,125,148,102,190,111,111,160,111,126,160,111,137,126,149,123,129,145,126,114,135,116,119,127,119,124,165,108,160,134,119,165,111,129,133,169,111,129,169,104,133,169,83,121,165,78
f126698944:98,102,102,100,100
d221108749:124,118,56,130,56,141,56,147,56,147,56,141,56,136,56,0,0,0,0,147,60,130,60,136,60,130,60,141,60,141,60,136,60,136,60,106,60,118,60,124,60,118,60,136,60,147,60,136,60,136,60,124,60,118,60,130,60,130,60,136,60,130,60,121,60,126,60,126,60,126,60,120,60,121,60,138,160,115,60,115,60,115,60,109,60,104,60,132,100,150,100,126,80,144,90,132,80,132,80,127,90,121,80,127,127,127,127,127,127,130,137,130,131,130,114,150,137,140,120,110,121
q221546114:105,114,131,126,120,120,141,141,141,147,141,157,136,147,133,119,143,143,0,0,0,129,138,157,153,143,148,138,138,143,138,138,143,143,129,133,138,138,129,129,143,143,129,138,143,132,132,136,136,141,127,136,136,136,141,136,127,127,136,127,127,132,127,127,141,132,136,132,136,122,131,117,122,136,127,117,127,127,136,127,132,136,132,141,141,141,113,117,117,117,117
d221289436:123,106,117,95,123,91,115,122,111,138,120,105,0,0,117,115,124,115,117,82,128,124,113,99,149,115,119,128,110,111,123,119,132,114,121,120,132,126,157,126,154,126,132,126,152,119
a123456798:101
e220400987:0,0,102,107,123,139,123,107,107,102,102,107,112,96,91,102,129,102,107,107,84,94,99,99,69,79,89,79,0,84,99,89,94,99,94,99,104,94,74,99,119,79,84,99,99,94,99,74,84,94,84,84,89,74
